 0
 65536
 256
 65792
 327680
 393216
 131584
 393472
 131840
 720896
 459264
 197632
 786688
 525056
 263424
 1792
 590848
 329216
 393217
 131585
 395008
 459009
 197377
 984320
 722688
 263169
 1537
 65538
 852481
 67329
 131330
 918273
 656641
 395009
 984065
 722433
 786434
 524802
 788225
 852226
 590594
 328962
 67330
 656386
 394754
 458755
 197123
 460546
 524547
 262915
 1283
 590339
 328707
 67075
 131076
 918019
 132867
 196868
 983811
 722179
 262660
 1028
 787971
 851972
 590340
 853763
 917764
 656132
 394500
 983556
 721924
 460292
 524293
 262661
 526084
 590085
 328453
 66821
 655877
 394245
 132613
 196614
 460037
 198405
 262406
 774
 787717
 328198
 66566
 853509
 917510
 132358
 919301
 983302
 721670
 460038
 519
 787462
 525830
 589831
 853254
 591622
 655623
 393991
 132359
 721415
 459783
 198151
 262152
 525575
 263943
 327944
 66312
 655368
 393736
 132104
 919047
 983048
 197896
 984839
 265
 787208
 327689
 66057
 853000
 591368
 655369
 918792
 657160
 721161
 459529
 10
 786953
 525321
 263689
 327690
 591113
 329481
 393482
 131850
 720906
 459274
 197642
 984585
 525066
 263434
 1802
 65803
 852746
 393227
 131595
 918538
 656906
 197387
 984330
 722698
 786699
 525067
 65548
 852491
 590859
 329227
 918283
 656651
 395019
 459020
 197388
 786444
 524812
 263180
 1548
 590604
 328972
 67340
 131341
 394764
 458765
 197133
 984076
 722444
 262925
 1293
 788236
 852237
 67085
 131086
 918029
 656397
 394765
 983821
 722189
 460557
 524558
 787981
 851982
 590350
 328718
 67086
 656142
 394510
 132878
 196879
 460302
 524303
 262671
 1039
 590095
 328463
 66831
 853774
 917775
 132623
 196624
 983567
 721935
 262416
 784
 787727
 526095
 590096
 853519
 917520
 655888
 394256
 983312
 721680
 460048
 198416
 262417
 525840
 589841
 328209
 66577
 655633
 394001
 132369
 919312
 459793
 198161
 262162
 530
 787473
 327954
 66322
 853265
 591633
 132114
 919057
 983058
 721426
 459794
 275
 787218
 525586
 263954
 853010
 591378
 655379
 393747
 132115
 721171
 459539
 197907
 984850
 525331
 263699
 327700
 66068
 329491
 393492
 131860
 918803
 657171
 197652
 984595
 21
 786964
 1812
 65813
 852756
 591124
 329492
 918548
 656916
 720917
 459285
 722708
 786709
 525077
 263445
 1813
 590869
 329237
 393238
 131606
 395029
 459030
 197398
 984341
 524822
 263190
 1558
 65559
 852502
 67350
 131351
 918294
 656662
 197143
 984086
 722454
 786455
 524823
 788246
 852247
 590615
 328983
 918039
 656407
 394775
 458776
 197144
 460567
 524568
 262936
 1304
 590360
 328728
 67096
 131097
 394520
 132888
 196889
 983832
 722200
 262681
 1049
 787992
 851993
 66841
 853784
 917785
 656153
 394521
 983577
 721945
 460313
 524314
 787737
 526105
 590106
 328474
 66842
 655898
 394266
 132634
 196635
 460058
 198426
 262427
 795
 589851
 328219
 66587
 853530
 917531
 132379
 919322
 983323
 721691
 262172
 540
 787483
 525851
 589852
 853275
 591643
 655644
 394012
 983068
 721436
 459804
 198172
 262173
 525596
 263964
 327965
 66333
 655389
 393757
 132125
 919068
 459549
 197917
 984860
 286
 787229
 327710
 66078
 853021
 591389
 131870
 918813
 657181
 721182
 459550
 31
 786974
 525342
 263710
 852766
 591134
 329502
 393503
 131871
 720927
 459295
 197663
 984606
 525087
 263455
 1823
 65824
 329247
 393248
 131616
 918559
 656927
 197408
 984351
 722719
 786720
 1568
 65569
 852512
 590880
 329248
 918304
 656672
 395040
 459041
 722464
 786465
 524833
 263201
 1569
 590625
 328993
 67361
 131362
 394785
 458786
 197154
 984097
 524578
 262946
 1314
 788257
 852258
 67106
 131107
 918050
 656418
 196899
 983842
 722210
 460578
 524579
 788002
 852003
 590371
 328739
 917795
 656163
 394531
 132899
 196900
 460323
 524324
 262692
 1060
 590116
 328484
 66852
 853795
 394276
 132644
 196645
 983588
 721956
 262437
 805
 787748
 526116
 66597
 853540
 917541
 655909
 394277
 983333
 721701
 460069
 198437
 787493
 525861
 589862
 328230
 66598
 655654
 394022
 132390
 919333
 459814
 198182
 262183
 551
 263974
 327975
 66343
 853286
 591654
 132135
 919078
 983079
 721447
 984870
 296
 787239
 525607
 263975
 853031
 591399
 655400
 393768
 657191
 721192
 459560
 197928
 984871
 525352
 263720
 327721
 66089
 329512
 393513
 131881
 918824
 459305
 197673
 984616
 42
 786985
 1833
 65834
 852777
 591145
 131626
 918569
 656937
 720938
 459306
 722729
 786730
 525098
 263466
 852522
 590890
 329258
 393259
 131627
 395050
 459051
 197419
 984362
 524843
 263211
 1579
 65580
 329003
 67371
 131372
 918315
 656683
 197164
 984107
 722475
 786476
 1324
 788267
 852268
 590636
 329004
 918060
 656428
 394796
 458797
 722220
 460588
 524589
 262957
 1325
 590381
 328749
 67117
 131118
 394541
 132909
 196910
 983853
 524334
 262702
 1070
 788013
 852014
 66862
 853805
 917806
 656174
 196655
 983598
 721966
 460334
 524335
 787758
 526126
 590127
 328495
 917551
 655919
 394287
 132655
 196656
 460079
 198447
 262448
 816
 589872
 328240
 66608
 853551
 394032
 132400
 919343
 983344
 721712
 262193
 561
 787504
 525872
 66353
 853296
 591664
 655665
 394033
 983089
 721457
 459825
 198193
 787249
 525617
 263985
 327986
 66354
 655410
 393778
 132146
 919089
 459570
 197938
 984881
 307
 263730
 327731
 66099
 853042
 591410
 131891
 918834
 657202
 721203
 984626
 52
 786995
 525363
 263731
 852787
 591155
 329523
 393524
 656947
 720948
 459316
 197684
 786740
 525108
 263476
 1844
 65845
 329268
 393269
 131637
 918580
 459061
 197429
 984372
 722740
 786741
 1589
 65590
 852533
 590901
 131382
 918325
 656693
 395061
 459062
 722485
 786486
 524854
 263222
 852278
 590646
 329014
 67382
 656438
 394806
 458807
 197175
 984118
 524599
 262967
 1335
 788278
 328759
 67127
 131128
 918071
 656439
 196920
 983863
 722231
 460599
 1080
 788023
 852024
 590392
 328760
 917816
 656184
 394552
 132920
 721976
 460344
 524345
 262713
 526136
 590137
 328505
 66873
 853816
 394297
 132665
 196666
 983609
 198457
 262458
 826
 787769
 526137
 66618
 853561
 917562
 655930
 919353
 983354
 721722
 460090
 198458
 787514
 525882
 589883
 328251
 591674
 655675
 394043
 132411
 721467
 459835
 198203
 262204
 572
 263995
 327996
 66364
 853307
 393788
 132156
 919099
 983100
 721468
 984891
 317
 787260
 525628
 66109
 853052
 591420
 655421
 393789
 657212
 721213
 459581
 197949
 787005
 525373
 263741
 327742
 591165
 329533
 393534
 131902
 918845
 459326
 197694
 984637
 63
 263486
 1854
 65855
 852798
 591166
 131647
 918590
 656958
 720959
 984382
 722750
 786751
 525119
 263487
 852543
 590911
 329279
 393280
 656703
 395071
 459072
 197440
 786496
 524864
 263232
 1600
 65601
 329024
 67392
 131393
 918336
 458817
 197185
 984128
 722496
 786497
 1345
 788288
 852289
 590657
 131138
 918081
 656449
 394817
 458818
 722241
 460609
 524610
 262978
 852034
 590402
 328770
 67138
 656194
 394562
 132930
 196931
 983874
 524355
 262723
 1091
 788034
 328515
 66883
 853826
 917827
 656195
 196676
 983619
 721987
 460355
 836
 787779
 526147
 590148
 328516
 917572
 655940
 394308
 132676
 721732
 460100
 198468
 262469
 525892
 589893
 328261
 66629
 853572
 394053
 132421
 919364
 983365
 198213
 262214
 582
 787525
 525893
 66374
 853317
 591685
 655686
 919109
 983110
 721478
 459846
 198214
 787270
 525638
 264006
 328007
 591430
 655431
 393799
 132167
 721223
 459591
 197959
 984902
 328
 263751
 327752
 66120
 853063
 393544
 131912
 918855
 657223
 721224
 984647
 73
 787016
 525384
 65865
 852808
 591176
 329544
 393545
 656968
 720969
 459337
 197705
 786761
 525129
 263497
 1865
 590921
 329289
 393290
 131658
 918601
 459082
 197450
 984393
 722761
 263242
 1610
 65611
 852554
 590922
 131403
 918346
 656714
 395082
 984138
 722506
 786507
 524875
 263243
 852299
 590667
 329035
 67403
 656459
 394827
 458828
 197196
 460619
 524620
 262988
 1356
 788299
 328780
 67148
 131149
 918092
 132940
 196941
 983884
 722252
 460620
 1101
 788044
 852045
 590413
 853836
 917837
 656205
 394573
 132941
 721997
 460365
 524366
 262734
 526157
 590158
 328526
 66894
 655950
 394318
 132686
 196687
 983630
 198478
 262479
 847
 787790
 328271
 66639
 853582
 917583
 655951
 919374
 983375
 721743
 460111
 592
 787535
 525903
 589904
 328272
 591695
 655696
 394064
 132432
 721488
 459856
 198224
 262225
 525648
 264016
 328017
 66385
 853328
 393809
 132177
 919120
 983121
 197969
 984912
 338
 787281
 525649
 66130
 853073
 591441
 655442
 918865
 657233
 721234
 459602
 197970
 787026
 525394
 263762
 327763
 591186
 329554
 393555
 131923
 720979
 459347
 197715
 984658
 84
 263507
 1875
 65876
 852819
 393300
 131668
 918611
 656979
 720980
 984403
 722771
 786772
 525140
 65621
 852564
 590932
 329300
 393301
 656724
 395092
 459093
 197461
 786517
 524885
 263253
 1621
 590677
 329045
 67413
 131414
 918357
 458838
 197206
 984149
 722517
 262998
 1366
 788309
 852310
 590678
 131159
 918102
 656470
 394838
 983894
 722262
 460630
 524631
 262999
 852055
 590423
 328791
 67159
 656215
 394583
 132951
 196952
 460375
 524376
 262744
 1112
 788055
 328536
 66904
 853847
 917848
 132696
 196697
 983640
 722008
 460376
 857
 787800
 526168
 590169
 853592
 917593
 655961
 394329
 132697
 721753
 460121
 198489
 262490
 525913
 589914
 328282
 66650
 655706
 394074
 132442
 919385
 983386
 198234
 262235
 603
 787546
 328027
 66395
 853338
 591706
 655707
 919130
 983131
 721499
 459867
 348
 787291
 525659
 264027
 328028
 591451
 655452
 393820
 132188
 721244
 459612
 197980
 984923
 525404
 263772
 327773
 66141
 853084
 393565
 131933
 918876
 657244
 197725
 984668
 94
 787037
 525405
 65886
 852829
 591197
 329565
 918621
 656989
 720990
 459358
 197726
 786782
 525150
 263518
 1886
 590942
 329310
 393311
 131679
 395102
 459103
 197471
 984414
 722782
 263263
 1631
 65632
 852575
 67423
 131424
 918367
 656735
 395103
 984159
 722527
 786528
 524896
 788319
 852320
 590688
 329056
 67424
 656480
 394848
 458849
 197217
 460640
 524641
 263009
 1377
 590433
 328801
 67169
 131170
 918113
 132961
 196962
 983905
 722273
 262754
 1122
 788065
 852066
 590434
 853857
 917858
 656226
 394594
 983650
 722018
 460386
 524387
 262755
 526178
 590179
 328547
 66915
 655971
 394339
 132707
 196708
 460131
 198499
 262500
 868
 787811
 328292
 66660
 853603
 917604
 132452
 919395
 983396
 721764
 460132
 613
 787556
 525924
 589925
 853348
 591716
 655717
 394085
 132453
 721509
 459877
 198245
 262246
 525669
 264037
 328038
 66406
 655462
 393830
 132198
 919141
 983142
 197990
 984933
 359
 787302
 327783
 66151
 853094
 591462
 655463
 918886
 657254
 721255
 459623
 104
 787047
 525415
 263783
 327784
 591207
 329575
 393576
 131944
 721000
 459368
 197736
 984679
 525160
 263528
 1896
 65897
 852840
 393321
 131689
 918632
 657000
 197481
 984424
 722792
 786793
 525161
 65642
 852585
 590953
 329321
 918377
 656745
 395113
 459114
 197482
 786538
 524906
 263274
 1642
 590698
 329066
 67434
 131435
 394858
 458859
 197227
 984170
 722538
 263019
 1387
 788330
 852331
 67179
 131180
 918123
 656491
 394859
 983915
 722283
 460651
 524652
 788075
 852076
 590444
 328812
 67180
 656236
 394604
 132972
 196973
 460396
 524397
 262765
 1133
 590189
 328557
 66925
 853868
 917869
 132717
 196718
 983661
 722029
 262510
 878
 787821
 526189
 590190
 853613
 917614
 655982
 394350
 983406
 721774
 460142
 198510
 262511
 525934
 589935
 328303
 66671
 655727
 394095
 132463
 919406
 459887
 198255
 262256
 624
 787567
 328048
 66416
 853359
 591727
 132208
 919151
 983152
 721520
 459888
 369
 787312
 525680
 264048
 853104
 591472
 655473
 393841
 132209
 721265
 459633
 198001
 984944
 525425
 263793
 327794
 66162
 329585
 393586
 131954
 918897
 657265
 197746
 984689
 115
 787058
 1906
 65907
 852850
 591218
 329586
 918642
 657010
 721011
 459379
 722802
 786803
 525171
 263539
 1907
 590963
 329331
 393332
 131700
 395123
 459124
 197492
 984435
 524916
 263284
 1652
 65653
 852596
 67444
 131445
 918388
 656756
 197237
 984180
 722548
 786549
 524917
 788340
 852341
 590709
 329077
 918133
 656501
 394869
 458870
 197238
 460661
 524662
 263030
 1398
 590454
 328822
 67190
 131191
 394614
 132982
 196983
 983926
 722294
 262775
 1143
 788086
 852087
 66935
 853878
 917879
 656247
 394615
 983671
 722039
 460407
 524408
 787831
 526199
 590200
 328568
 66936
 655992
 394360
 132728
 196729
 460152
 198520
 262521
 889
 589945
 328313
 66681
 853624
 917625
 132473
 919416
 983417
 721785
 262266
 634
 787577
 525945
 589946
 853369
 591737
 655738
 394106
 983162
 721530
 459898
 198266
 262267
 525690
 264058
 328059
 66427
 655483
 393851
 132219
 919162
 459643
 198011
 984954
 380
 787323
 327804
 66172
 853115
 591483
 131964
 918907
 657275
 721276
 459644
 125
 787068
 525436
 263804
 852860
 591228
 329596
 393597
 131965
 721021
 459389
 197757
 984700
 525181
 263549
 1917
 65918
 329341
 393342
 131710
 918653
 657021
 197502
 984445
 722813
 786814
 1662
 65663
 852606
 590974
 329342
 918398
 656766
 395134
 459135
 722558
 786559
 524927
 263295
 1663
 590719
 329087
 67455
 131456
 394879
 458880
 197248
 984191
 524672
 263040
 1408
 788351
 852352
 67200
 131201
 918144
 656512
 196993
 983936
 722304
 460672
 524673
 788096
 852097
 590465
 328833
 917889
 656257
 394625
 132993
 196994
 460417
 524418
 262786
 1154
 590210
 328578
 66946
 853889
 394370
 132738
 196739
 983682
 722050
 262531
 899
 787842
 526210
 66691
 853634
 917635
 656003
 394371
 983427
 721795
 460163
 198531
 787587
 525955
 589956
 328324
 66692
 655748
 394116
 132484
 919427
 459908
 198276
 262277
 645
 264068
 328069
 66437
 853380
 591748
 132229
 919172
 983173
 721541
 984964
 390
 787333
 525701
 264069
 853125
 591493
 655494
 393862
 657285
 721286
 459654
 198022
 984965
 525446
 263814
 327815
 66183
 329606
 393607
 131975
 918918
 459399
 197767
 984710
 136
 787079
 1927
 65928
 852871
 591239
 131720
 918663
 657031
 721032
 459400
 722823
 786824
 525192
 263560
 852616
 590984
 329352
 393353
 131721
 395144
 459145
 197513
 984456
 524937
 263305
 1673
 65674
 329097
 67465
 131466
 918409
 656777
 197258
 984201
 722569
 786570
 1418
 788361
 852362
 590730
 329098
 918154
 656522
 394890
 458891
 722314
 460682
 524683
 263051
 1419
 590475
 328843
 67211
 131212
 394635
 133003
 197004
 983947
 524428
 262796
 1164
 788107
 852108
 66956
 853899
 917900
 656268
 196749
 983692
 722060
 460428
 524429
 787852
 526220
 590221
 328589
 917645
 656013
 394381
 132749
 196750
 460173
 198541
 262542
 910
 589966
 328334
 66702
 853645
 394126
 132494
 919437
 983438
 721806
 262287
 655
 787598
 525966
 66447
 853390
 591758
 655759
 394127
 983183
 721551
 459919
 198287
 787343
 525711
 264079
 328080
 66448
 655504
 393872
 132240
 919183
 459664
 198032
 984975
 401
 263824
 327825
 66193
 853136
 591504
 131985
 918928
 657296
 721297
 984720
 146
 787089
 525457
 263825
 852881
 591249
 329617
 393618
 657041
 721042
 459410
 197778
 984721
 525202
 263570
 1938
 65939
 329362
 393363
 131731
 918674
 459155
 197523
 984466
 722834
 786835
 1683
 65684
 852627
 590995
 131476
 918419
 656787
 395155
 459156
 722579
 786580
 524948
 263316
 852372
 590740
 329108
 67476
 131477
 394900
 458901
 197269
 984212
 524693
 263061
 1429
 788372
 328853
 67221
 131222
 918165
 656533
 197014
 983957
 722325
 460693
 1174
 788117
 852118
 590486
 328854
 917910
 656278
 394646
 133014
 722070
 460438
 524439
 262807
 1175
 590231
 328599
 66967
 853910
 394391
 132759
 196760
 983703
 198551
 262552
 920
 787863
 526231
 66712
 853655
 917656
 656024
 919447
 983448
 721816
 460184
 198552
 787608
 525976
 589977
 328345
 591768
 655769
 394137
 132505
 919448
 459929
 198297
 262298
 666
 264089
 328090
 66458
 853401
 393882
 132250
 919193
 983194
 721562
 984985
 411
 787354
 525722
 66203
 853146
 591514
 655515
 393883
 657306
 721307
 459675
 198043
 787099
 525467
 263835
 327836
 66204
 329627
 393628
 131996
 918939
 459420
 197788
 984731
 157
 263580
 1948
 65949
 852892
 591260
 131741
 918684
 657052
 721053
 984476
 722844
 786845
 525213
 263581
 852637
 591005
 329373
 393374
 656797
 395165
 459166
 197534
 786590
 524958
 263326
 1694
 65695
 329118
 67486
 131487
 918430
 458911
 197279
 984222
 722590
 786591
 1439
 788382
 852383
 590751
 131232
 918175
 656543
 394911
 458912
 722335
 460703
 524704
 263072
 852128
 590496
 328864
 67232
 656288
 394656
 133024
 197025
 983968
 524449
 262817
 1185
 788128
 328609
 66977
 853920
 917921
 656289
 196770
 983713
 722081
 460449
 930
 787873
 526241
 590242
 328610
 917666
 656034
 394402
 132770
 721826
 460194
 198562
 262563
 525986
 589987
 328355
 66723
 853666
 394147
 132515
 919458
 983459
 198307
 262308
 676
 787619
 525987
 66468
 853411
 591779
 655780
 919203
 983204
 721572
 459940
 198308
 787364
 525732
 264100
 328101
 591524
 655525
 393893
 132261
 721317
 459685
 198053
 984996
 422
 263845
 327846
 66214
 853157
 393638
 132006
 918949
 657317
 721318
 984741
 167
 787110
 525478
 65959
 852902
 591270
 329638
 393639
 657062
 721063
 459431
 197799
 786855
 525223
 263591
 1959
 591015
 329383
 393384
 131752
 918695
 459176
 197544
 984487
 722855
 263336
 1704
 65705
 852648
 591016
 131497
 918440
 656808
 395176
 984232
 722600
 786601
 524969
 263337
 852393
 590761
 329129
 67497
 656553
 394921
 458922
 197290
 460713
 524714
 263082
 1450
 788393
 328874
 67242
 131243
 918186
 133034
 197035
 983978
 722346
 460714
 1195
 788138
 852139
 590507
 853930
 917931
 656299
 394667
 133035
 722091
 460459
 524460
 262828
 526251
 590252
 328620
 66988
 656044
 394412
 132780
 196781
 983724
 198572
 262573
 941
 787884
 328365
 66733
 853676
 917677
 656045
 919468
 983469
 721837
 460205
 686
 787629
 525997
 589998
 328366
 591789
 655790
 394158
 132526
 721582
 459950
 198318
 262319
 525742
 264110
 328111
 66479
 853422
 393903
 132271
 919214
 983215
 198063
 985006
 432
 787375
 525743
 66224
 853167
 591535
 655536
 918959
 657327
 721328
 459696
 198064
 787120
 525488
 263856
 327857
 591280
 329648
 393649
 132017
 721073
 459441
 197809
 984752
 178
 263601
 1969
 65970
 852913
 393394
 131762
 918705
 657073
 721074
 984497
 722865
 786866
 525234
 65715
 852658
 591026
 329394
 393395
 656818
 395186
 459187
 197555
 786611
 524979
 263347
 1715
 590771
 329139
 67507
 131508
 918451
 458932
 197300
 984243
 722611
 263092
 1460
 788403
 852404
 590772
 131253
 918196
 656564
 394932
 983988
 722356
 460724
 524725
 263093
 852149
 590517
 328885
 67253
 656309
 394677
 133045
 197046
 460469
 524470
 262838
 1206
 788149
 328630
 66998
 853941
 917942
 132790
 196791
 983734
 722102
 460470
 951
 787894
 526262
 590263
 853686
 917687
 656055
 394423
 132791
 721847
 460215
 198583
 262584
 526007
 590008
 328376
 66744
 655800
 394168
 132536
 919479
 983480
 198328
 262329
 697
 787640
 328121
 66489
 853432
 591800
 655801
 919224
 983225
 721593
 459961
 442
 787385
 525753
 264121
 328122
 591545
 655546
 393914
 132282
 721338
 459706
 198074
 985017
 525498
 263866
 327867
 66235
 853178
 393659
 132027
 918970
 657338
 197819
 984762
 188
 787131
 525499
 65980
 852923
 591291
 329659
 918715
 657083
 721084
 459452
 197820
 786876
 525244
 263612
 1980
 591036
 329404
 393405
 131773
 395196
 459197
 197565
 984508
 722876
 263357
 1725
 65726
 852669
 67517
 131518
 918461
 656829
 395197
 984253
 722621
 786622
 524990
 788413
 852414
 590782
 329150
 67518
 656574
 394942
 458943
 197311
 460734
 524735
 263103
 1471
 590527
 328895
 67263
 131264
 918207
 133055
 197056
 983999
 722367
 262848
 1216
 788159
 852160
 590528
 853951
 917952
 656320
 394688
 983744
 722112
 460480
 524481
 262849
 526272
 590273
 328641
 67009
 656065
 394433
 132801
 196802
 460225
 198593
 262594
 962
 787905
 328386
 66754
 853697
 917698
 132546
 919489
 983490
 721858
 460226
 707
 787650
 526018
 590019
 853442
 591810
 655811
 394179
 132547
 721603
 459971
 198339
 262340
 525763
 264131
 328132
 66500
 655556
 393924
 132292
 919235
 983236
 198084
 985027
 453
 787396
 327877
 66245
 853188
 591556
 655557
 918980
 657348
 721349
 459717
 198
 787141
 525509
 263877
 327878
 591301
 329669
 393670
 132038
 721094
 459462
 197830
 984773
 525254
 263622
 1990
 65991
 852934
 393415
 131783
 918726
 657094
 197575
 984518
 722886
 786887
 525255
 65736
 852679
 591047
 329415
 918471
 656839
 395207
 459208
 197576
 786632
 525000
 263368
 1736
 590792
 329160
 67528
 131529
 394952
 458953
 197321
 984264
 722632
 263113
 1481
 788424
 852425
 67273
 131274
 918217
 656585
 394953
 984009
 722377
 460745
 524746
 788169
 852170
 590538
 328906
 67274
 656330
 394698
 133066
 197067
 460490
 524491
 262859
 1227
 590283
 328651
 67019
 853962
 917963
 132811
 196812
 983755
 722123
 262604
 972
 787915
 526283
 590284
 853707
 917708
 656076
 394444
 983500
 721868
 460236
 198604
 262605
 526028
 590029
 328397
 66765
 655821
 394189
 132557
 919500
 459981
 198349
 262350
 718
 787661
 328142
 66510
 853453
 591821
 132302
 919245
 983246
 721614
 459982
 463
 787406
 525774
 264142
 853198
 591566
 655567
 393935
 132303
 721359
 459727
 198095
 985038
 525519
 263887
 327888
 66256
 329679
 393680
 132048
 918991
 657359
 197840
 984783
 209
 787152
 2000
 66001
 852944
 591312
 329680
 918736
 657104
 721105
 459473
 722896
 786897
 525265
 263633
 2001
 591057
 329425
 393426
 131794
 395217
 459218
 197586
 984529
 525010
 263378
 1746
 65747
 852690
 67538
 131539
 918482
 656850
 197331
 984274
 722642
 786643
 525011
 788434
 852435
 590803
 329171
 918227
 656595
 394963
 458964
 197332
 460755
 524756
 263124
 1492
 590548
 328916
 67284
 131285
 394708
 133076
 197077
 984020
 722388
 262869
 1237
 788180
 852181
 67029
 853972
 917973
 656341
 394709
 983765
 722133
 460501
 524502
 787925
 526293
 590294
 328662
 67030
 656086
 394454
 132822
 196823
 460246
 198614
 262615
 983
 590039
 328407
 66775
 853718
 917719
 132567
 919510
 983511
 721879
 262360
 728
 787671
 526039
 590040
 853463
 591831
 655832
 394200
 983256
 721624
 459992
 198360
 262361
 525784
 264152
 328153
 66521
 655577
 393945
 132313
 919256
 459737
 198105
 985048
 474
 787417
 327898
 66266
 853209
 591577
 132058
 919001
 657369
 721370
 459738
 219
 787162
 525530
 263898
 852954
 591322
 329690
 393691
 132059
 721115
 459483
 197851
 984794
 525275
 263643
 2011
 66012
 329435
 393436
 131804
 918747
 657115
 197596
 984539
 722907
 786908
 1756
 65757
 852700
 591068
 329436
 918492
 656860
 395228
 459229
 722652
 786653
 525021
 263389
 1757
 590813
 329181
 67549
 131550
 394973
 458974
 197342
 984285
 524766
 263134
 1502
 788445
 852446
 67294
 131295
 918238
 656606
 197087
 984030
 722398
 460766
 524767
 788190
 852191
 590559
 328927
 917983
 656351
 394719
 133087
 197088
 460511
 524512
 262880
 1248
 590304
 328672
 67040
 853983
 394464
 132832
 196833
 983776
 722144
 262625
 993
 787936
 526304
 66785
 853728
 917729
 656097
 394465
 983521
 721889
 460257
 198625
 787681
 526049
 590050
 328418
 66786
 655842
 394210
 132578
 919521
 460002
 198370
 262371
 739
 264162
 328163
 66531
 853474
 591842
 132323
 919266
 983267
 721635
 985058
 484
 787427
 525795
 264163
 853219
 591587
 655588
 393956
 657379
 721380
 459748
 198116
 985059
 525540
 263908
 327909
 66277
 329700
 393701
 132069
 919012
 459493
 197861
 984804
 230
 787173
 2021
 66022
 852965
 591333
 131814
 918757
 657125
 721126
 459494
 722917
 786918
 525286
 263654
 852710
 591078
 329446
 393447
 131815
 395238
 459239
 197607
 984550
 525031
 263399
 1767
 65768
 329191
 67559
 131560
 918503
 656871
 197352
 984295
 722663
 786664
 1512
 788455
 852456
 590824
 329192
 918248
 656616
 394984
 458985
 722408
 460776
 524777
 263145
 1513
 590569
 328937
 67305
 131306
 394729
 133097
 197098
 984041
 524522
 262890
 1258
 788201
 852202
 67050
 853993
 917994
 656362
 196843
 983786
 722154
 460522
 524523
 787946
 526314
 590315
 328683
 917739
 656107
 394475
 132843
 196844
 460267
 198635
 262636
 1004
 590060
 328428
 66796
 853739
 394220
 132588
 919531
 983532
 721900
 262381
 749
 787692
 526060
 66541
 853484
 591852
 655853
 394221
 983277
 721645
 460013
 198381
 787437
 525805
 264173
 328174
 66542
 655598
 393966
 132334
 919277
 459758
 198126
 985069
 495
 263918
 327919
 66287
 853230
 591598
 132079
 919022
 657390
 721391
 984814
 240
 787183
 525551
 263919
 852975
 591343
 329711
 393712
 657135
 721136
 459504
 197872
 984815
 525296
 263664
 2032
 66033
 329456
 393457
 131825
 918768
 459249
 197617
 984560
 722928
 786929
 1777
 65778
 852721
 591089
 131570
 918513
 656881
 395249
 459250
 722673
 786674
 525042
 263410
 852466
 590834
 329202
 67570
 131571
 394994
 458995
 197363
 984306
 524787
 263155
 1523
 788466
 328947
 67315
 131316
 918259
 656627
 197108
 984051
 722419
 460787
 1268
 788211
 852212
 590580
 328948
 918004
 656372
 394740
 133108
 722164
 460532
 524533
 262901
 1269
 590325
 328693
 67061
 854004
 394485
 132853
 196854
 983797
 198645
 262646
 1014
 787957
 526325
 66806
 853749
 917750
 656118
 919541
 983542
 721910
 460278
 198646
 787702
 526070
 590071
 328439
 591862
 655863
 394231
 132599
 919542
 460023
 198391
 262392
 760
 264183
 328184
 66552
 853495
 393976
 132344
 919287
 983288
 721656
 985079
 505
 787448
 525816
 66297
 853240
 591608
 655609
 393977
 657400
 721401
 459769
 198137
 787193
 525561
 263929
 327930
 66298
 329721
 393722
 132090
 919033
 459514
 197882
 984825
 251
 263674
 2042
 66043
 852986
 591354
 131835
 918778
 657146
 721147
 984570
 722938
 786939
 525307
 263675
 852731
 591099
 329467
 393468
 656891
 395259
 459260
 197628
 984571
 525052
 263420
 1788
 65789
 329212
 67580
 131581
 918524
 459005
 197373
 984316
 722684
 786685
 1533
 788476
 852477
 590845
 131326
 918269
 656637
 395005
 459006
 722429
 460797
 524798
 263166
 852222
 590590
 328958
 67326
 131327
 394750
 133118
 197119
 984062
 524543
 262911
 1279
 788222
 328703
 67071
 854014
 918015
 656383
 1245439
 983807
 722175
 460543
 1049599
 787967
 526335
 264703
 3071
 592127
 330495
 68863
 1181439
 396287
 134655
 1247231
 985599
 723967
 1313023
 1051391
 789759
 528127
 1117183
 855551
 593919
 332287
 921343
 659711
 398079
 136447
 1249023
 463871
 202239
 1314815
 1053183
 268031
 6399
 1118975
 857343
 595711
 1184767
 923135
 661503
 399871
 988927
 727295
 465663
 204031
 1316607
 531455
 269823
 8191
 1120767
 335615
 73983
 1186559
 924927
 139775
 1252351
 990719
 729087
 467455
 1056511
 794879
 533247
 271615
 860671
 599039
 337407
 75775
 1188351
 403199
 141567
 1254143
 992511
 207359
 1319935
 1058303
 796671
 11519
 1124095
 862463
 600831
 339199
 928255
 666623
 404991
 143359
 732415
 470783
 209151
 1321727
 1060095
 274943
 13311
 1125887
 864255
 79103
 1191679
 930047
 668415
 406783
 995839
 734207
 472575
 210943
 799999
 538367
 276735
 15103
 604159
 342527
 80895
 1193471
 931839
 146687
 1259263
 997631
 735999
 1325055
 1063423
 801791
 540159
 278527
 867583
 605951
 344319
 82687
 671743
 410111
 148479
 1261055
 999423
 214271
 1326847
 1065215
 803583
 18431
 1131007
 869375
 607743
 1196799
 935167
 673535
 411903
 150271
 739327
 477695
 216063
 1328639
 543487
 281855
 20223
 1132799
 871167
 86015
 1198591
 936959
 675327
 1264383
 1002751
 741119
 479487
 217855
 806911
 545279
 283647
 22015
 611071
 349439
 87807
 1200383
 415231
 153599
 1266175
 1004543
 742911
 1331967
 1070335
 808703
 547071
 1136127
 874495
 612863
 351231
 89599
 678655
 417023
 155391
 1267967
 482815
 221183
 1333759
 1072127
 810495
 25343
 1137919
 876287
 614655
 1203711
 942079
 680447
 418815
 1007871
 746239
 484607
 222975
 1335551
 550399
 288767
 27135
 1139711
 354559
 92927
 1205503
 943871
 682239
 1271295
 1009663
 748031
 486399
 1075455
 813823
 552191
 290559
 28927
 617983
 356351
 94719
 1207295
 422143
 160511
 1273087
 1011455
 226303
 1338879
 1077247
 815615
 553983
 1143039
 881407
 619775
 358143
 947199
 685567
 423935
 162303
 1274879
 489727
 228095
 1340671
 1079039
 293887
 32255
 1144831
 883199
 621567
 1210623
 948991
 687359
 425727
 1014783
 753151
 491519
 229887
 818943
 557311
 295679
 34047
 1146623
 361471
 99839
 1212415
 950783
 165631
 1278207
 1016575
 754943
 493311
 1082367
 820735
 559103
 297471
 886527
 624895
 363263
 101631
 1214207
 429055
 167423
 1279999
 1018367
 233215
 1345791
 1084159
 822527
 37375
 1149951
 888319
 626687
 365055
 954111
 692479
 430847
 169215
 758271
 496639
 235007
 1347583
 1085951
 300799
 39167
 1151743
 890111
 104959
 1217535
 955903
 694271
 432639
 1021695
 760063
 498431
 236799
 825855
 564223
 302591
 40959
 630015
 368383
 106751
 1219327
 957695
 172543
 1285119
 1023487
 761855
 1350911
 1089279
 827647
 566015
 304383
 893439
 631807
 370175
 108543
 697599
 435967
 174335
 1286911
 1025279
 240127
 1352703
 1091071
 829439
 44287
 1156863
 895231
 633599
 1222655
 961023
 699391
 437759
 176127
 765183
 503551
 241919
 1354495
 569343
 307711
 46079
 1158655
 897023
 111871
 1224447
 962815
 701183
 1290239
 1028607
 766975
 505343
 243711
 832767
 571135
 309503
 47871
 636927
 375295
 113663
 1226239
 441087
 179455
 1292031
 1030399
 768767
 1357823
 1096191
 834559
 572927
 1161983
 900351
 638719
 377087
 115455
 704511
 442879
 181247
 1293823
 508671
 247039
 1359615
 1097983
 836351
 51199
 1163775
 902143
 640511
 1229567
 967935
 706303
 444671
 1033727
 772095
 510463
 248831
 1361407
 576255
 314623
 52991
 1165567
 380415
 118783
 1231359
 969727
 708095
 1297151
 1035519
 773887
 512255
 1101311
 839679
 578047
 316415
 54783
 643839
 382207
 120575
 1233151
 447999
 186367
 1298943
 1037311
 252159
 1364735
 1103103
 841471
 579839
 1168895
 907263
 645631
 383999
 973055
 711423
 449791
 188159
 1300735
 515583
 253951
 1366527
 1104895
 319743
 58111
 1170687
 909055
 647423
 1236479
 974847
 713215
 451583
 1040639
 779007
 517375
 255743
 844799
 583167
 321535
 59903
 1172479
 387327
 125695
 1238271
 976639
 191487
 1304063
 1042431
 780799
 519167
 1108223
 846591
 584959
 323327
 912383
 650751
 389119
 127487
 1240063
 454911
 193279
 1305855
 1044223
 259071
 1371647
 1110015
 848383
 63231
 1175807
 914175
 652543
 390911
 979967
 718335
 456703
 195071
 784127
 522495
 260863
 1373439
 1111807
 326655
 65023
 1177599
 915967
 130815
 1243391
 981759
 720127
 458495
 1047551
 785919
 524287
 1636863
 851711
 1964287
 1702655
 1441023
 2030079
 1768447
 1506815
 1245183
 2357759
 1572607
 2685183
 2423551
 2161919
 2750975
 2489343
 2227711
 1966079
 3078655
 2293503
 3406079
 3144447
 2882815
 3471871
 3210239
 2948607
 2686975
 3799551
 3014399
 4126975
 3865343
 3603711
 4192767
 3931135
 3669503
 3407871
 3996927
 3735295
 4847871
 4586239
 4324607
 4913663
 4652031
 4390399
 4128767
 4717823
 4456191
 5568767
 5307135
 5045503
 5634559
 5372927
 5111295
 4849663
 5438719
 5177087
 6289663
 6028031
 5766399
 6355455
 6093823
 5832191
 5570559
 6159615
 5897983
 7010559
 6748927
 5963775
 7076351
 6814719
 6553087
 6291455
 6880511
 6618879
 7731455
 7469823
 6684671
 7797247
 7535615
 7273983
 7012351
 7601407
 7339775
 8452351
 8190719
 7405567
 8518143
 8256511
 7994879
 7733247
 8322303
 8060671
 9173247
 8911615
 8126463
 9239039
 8977407
 8715775
 9304831
 9043199
 8781567
 9894143
 9632511
 8847359
 9959935
 9698303
 9436671
 10025727
 9764095
 9502463
 10615039
 10353407
 9568255
 10680831
 10419199
 10157567
 10746623
 10484991
 10223359
 11335935
 11074303
 10289151
 11401727
 11140095
 10878463
 11467519
 11205887
 10944255
 12056831
 11271679
 11010047
 12122623
 11860991
 11599359
 12188415
 11926783
 11665151
 12777727
 11992575
 11730943
 12843519
 12581887
 12320255
 12909311
 12647679
 12386047
 13498623
 12713471
 12451839
 13564415
 13302783
 13041151
 13630207
 13368575
 13106943
 14219519
 13434367
 13172735
 14285311
 14023679
 14612735
 14351103
 14089471
 13827839
 14940415
 14155263
 13893631
 15006207
 14744575
 15333631
 15071999
 14810367
 14548735
 15661311
 14876159
 14614527
 15727103
 15465471
 16054527
 15792895
 15531263
 15269631
 16382207
 15597055
 15335423
 16447999
 16186367
 16775423
 16513791
 16252159
 15990527
 16579583
 16317951
 16056319
 16645375
 16383743
 16645631
 16383999
 16449535
 16711423
 16776959
 16711679
