 21 6 5
 22 0 6
 22 2 2
 21 7 6
 22 1 7
 22 3 3
 21 5 15
 22 2 8
 22 4 4
 22 6 0
 23 0 1
 22 2 13
 22 7 1
 23 1 2
 22 3 14
 22 5 10
 23 2 3
 22 4 15
 22 6 11
 23 0 12
 23 2 8
 22 7 12
 23 1 13
 23 3 9
 23 5 5
 23 2 14
 23 4 10
 23 6 6
 24 0 7
 24 2 3
 23 7 7
 24 1 8
 24 3 4
 24 5 0
 24 2 9
 24 4 5
 24 6 1
 25 0 2
 24 5 6
 24 7 2
 25 1 3
 24 3 15
 24 5 11
 25 2 4
 25 4 0
 24 6 12
 25 0 13
 25 5 1
 24 7 13
 25 1 14
 25 3 10
 25 5 6
 25 2 15
 25 4 11
 25 6 7
 26 0 8
 25 5 12
 25 7 8
 26 1 9
 26 3 5
 26 5 1
 26 2 10
 26 4 6
 26 6 2
 27 0 3
 26 5 7
 26 7 3
 27 1 4
 27 3 0
 27 0 9
 27 2 5
 27 4 1
 26 6 13
 27 0 14
 27 5 2
 26 7 14
 27 1 15
 27 3 11
 28 0 4
 28 2 0
 27 4 12
 27 6 8
 28 0 9
 27 5 13
 27 7 9
 28 1 10
 28 3 6
 28 0 15
 28 2 11
 28 4 7
 28 6 3
 29 0 4
 28 5 8
 28 7 4
 29 1 5
 29 3 1
 29 0 10
 29 2 6
 29 4 2
 28 6 14
 29 3 7
 29 5 3
 28 7 15
 30 1 0
 29 3 12
 30 0 5
 30 2 1
 29 4 13
 29 6 9
 30 3 2
 29 5 14
 29 7 10
 30 1 11
 30 3 7
 31 0 0
 30 2 12
 30 4 8
 30 6 4
 30 3 13
 30 5 9
 30 7 5
 31 1 6
 31 3 2
 31 0 11
 31 2 7
 31 4 3
 30 6 15
 31 3 8
 31 5 4
 31 7 0
 32 1 1
 31 6 5
 32 0 6
 32 2 2
 31 4 14
 31 6 10
 32 3 3
 31 5 15
 31 7 11
 32 1 12
 32 6 0
 33 0 1
 32 2 13
 32 4 9
 32 6 5
 32 3 14
 32 5 10
 32 7 6
 33 1 7
 32 6 11
 33 0 12
 33 2 8
 33 4 4
 33 6 0
 33 3 9
 33 5 5
 33 7 1
 34 1 2
 33 6 6
 34 0 7
 34 2 3
 33 4 15
 34 1 8
 34 3 4
 34 5 0
 33 7 12
 34 1 13
 34 6 1
 35 0 2
 34 2 14
 34 4 10
 35 1 3
 34 3 15
 34 5 11
 34 7 7
 35 1 8
 34 6 12
 35 0 13
 35 2 9
 35 4 5
 35 1 14
 35 3 10
 35 5 6
 35 7 2
 36 1 3
 35 6 7
 36 0 8
 36 2 4
 36 4 0
 36 1 9
 36 3 5
 36 5 1
 35 7 13
 36 4 6
 36 6 2
 37 0 3
 36 2 15
 36 4 11
 37 1 4
 37 3 0
 36 5 12
 36 7 8
 37 4 1
 36 6 13
 37 0 14
 37 2 10
 37 4 6
 37 1 15
 37 3 11
 37 5 7
 37 7 3
 37 4 12
 37 6 8
 38 0 9
 38 2 5
 38 4 1
 38 1 10
 38 3 6
 38 5 2
 37 7 14
 38 4 7
 38 6 3
 39 0 4
 39 2 0
 38 7 4
 39 1 5
 39 3 1
 38 5 13
 38 7 9
 39 4 2
 38 6 14
 39 0 15
 39 2 11
 38 7 15
 40 1 0
 39 3 12
 39 5 8
 39 7 4
 39 4 13
 39 6 9
 40 0 10
 40 2 6
 39 7 10
 40 1 11
 40 3 7
 40 5 3
 39 7 15
 40 4 8
 40 6 4
 41 0 5
 41 2 1
 40 7 5
 41 1 6
 41 3 2
 40 5 14
 41 2 7
 41 4 3
 40 6 15
 42 0 0
 41 2 12
 41 7 0
 42 1 1
 41 3 13
 41 5 9
 42 2 2
 41 4 14
 41 6 10
 42 0 11
 42 2 7
 41 7 11
 42 1 12
 42 3 8
 42 5 4
 42 2 13
 42 4 9
 42 6 5
 43 0 6
 43 2 2
 42 7 6
 43 1 7
 43 3 3
 42 5 15
 43 2 8
 43 4 4
 43 6 0
 44 0 1
 43 5 5
 43 7 1
 44 1 2
 43 3 14
 43 5 10
 44 2 3
 43 4 15
 43 6 11
 44 0 12
 44 5 0
 43 7 12
 44 1 13
 44 3 9
 44 5 5
 44 2 14
 44 4 10
 44 6 6
 45 0 7
 44 5 11
 44 7 7
 45 1 8
 45 3 4
 45 5 0
 45 2 9
 45 4 5
 45 6 1
 46 0 2
 45 5 6
 45 7 2
 46 1 3
 45 3 15
 46 0 8
 46 2 4
 46 4 0
 45 6 12
 46 0 13
 46 5 1
 45 7 13
 46 1 14
 46 3 10
 47 0 3
 46 2 15
 46 4 11
 46 6 7
 47 0 8
 46 5 12
 46 7 8
 47 1 9
 47 3 5
 47 0 14
 47 2 10
 47 4 6
 47 6 2
 48 0 3
 47 5 7
 47 7 3
 48 1 4
 48 3 0
 48 0 9
 48 2 5
 48 4 1
 47 6 13
 48 3 6
 48 5 2
 47 7 14
 48 1 15
 48 3 11
 49 0 4
 49 2 0
 48 4 12
 48 6 8
 49 3 1
 48 5 13
 48 7 9
 49 1 10
 49 3 6
 49 0 15
 49 2 11
 49 4 7
 49 6 3
 49 3 12
 49 5 8
 49 7 4
 50 1 5
 50 3 1
 50 0 10
 50 2 6
 50 4 2
 49 6 14
 50 3 7
 50 5 3
 49 7 15
 51 1 0
 50 6 4
 51 0 5
 51 2 1
 50 4 13
 50 6 9
 51 3 2
 50 5 14
 50 7 10
 51 1 11
 50 6 15
 52 0 0
 51 2 12
 51 4 8
 51 6 4
 51 3 13
 51 5 9
 51 7 5
 52 1 6
 51 6 10
 52 0 11
 52 2 7
 52 4 3
 52 1 12
 52 3 8
 52 5 4
 52 7 0
 53 1 1
 52 6 5
 53 0 6
 53 2 2
 52 4 14
 53 1 7
 53 3 3
 52 5 15
 52 7 11
 53 1 12
 53 6 0
 54 0 1
 53 2 13
 53 4 9
 54 1 2
 53 3 14
 53 5 10
 53 7 6
 54 1 7
 53 6 11
 54 0 12
 54 2 8
 54 4 4
 54 1 13
 54 3 9
 54 5 5
 54 7 1
 54 4 10
 54 6 6
 55 0 7
 55 2 3
 54 4 15
 55 1 8
 55 3 4
 55 5 0
 54 7 12
 55 4 5
 55 6 1
 56 0 2
 55 2 14
 55 4 10
 56 1 3
 55 3 15
 55 5 11
 55 7 7
 56 4 0
 55 6 12
 56 0 13
 56 2 9
 56 4 5
 56 1 14
 56 3 10
 56 5 6
 56 7 2
 56 4 11
 56 6 7
 57 0 8
 57 2 4
 56 7 8
 57 1 9
 57 3 5
 57 5 1
 56 7 13
 57 4 6
 57 6 2
 58 0 3
 57 2 15
 57 7 3
 58 1 4
 58 3 0
 57 5 12
 57 7 8
 58 4 1
 57 6 13
 58 0 14
 58 2 10
 57 7 14
 58 1 15
 58 3 11
 58 5 7
 58 7 3
 58 4 12
 58 6 8
 59 0 9
 59 2 5
 58 7 9
 59 1 10
 59 3 6
 59 5 2
 59 2 11
 59 4 7
 59 6 3
 60 0 4
 60 2 0
 59 7 4
 60 1 5
 60 3 1
 59 5 13
 60 2 6
 60 4 2
 59 6 14
 60 0 15
 60 2 11
 59 7 15
 61 1 0
 60 3 12
 60 5 8
 61 2 1
 60 4 13
 60 6 9
 61 0 10
 61 2 6
 60 7 10
 61 1 11
 61 3 7
 61 5 3
 61 2 12
 61 4 8
 61 6 4
 62 0 5
 61 5 9
 61 7 5
 62 1 6
 62 3 2
 61 5 14
 62 2 7
 62 4 3
 61 6 15
 63 0 0
 62 5 4
 62 7 0
 63 1 1
 62 3 13
 62 5 9
 63 2 2
 62 4 14
 62 6 10
 63 0 11
 62 5 15
 62 7 11
 63 1 12
 63 3 8
 63 5 4
 63 2 13
 63 4 9
 63 6 5
 64 0 6
 63 5 10
 63 7 6
 64 1 7
 64 3 3
 64 0 12
 64 2 8
 64 4 4
 64 6 0
 65 0 1
 64 5 5
 64 7 1
 65 1 2
 64 3 14
 65 0 7
 65 2 3
 64 4 15
 64 6 11
 65 0 12
 65 5 0
 64 7 12
 65 1 13
 65 3 9
 66 0 2
 65 2 14
 65 4 10
 65 6 6
 66 0 7
 65 5 11
 65 7 7
 66 1 8
 66 3 4
 66 0 13
 66 2 9
 66 4 5
 66 6 1
 66 3 10
 66 5 6
 66 7 2
 67 1 3
 66 3 15
 67 0 8
 67 2 4
 67 4 0
 66 6 12
 67 3 5
 67 5 1
 66 7 13
 67 1 14
 67 3 10
 68 0 3
 67 2 15
 67 4 11
 67 6 7
 68 3 0
 67 5 12
 67 7 8
 68 1 9
 68 3 5
 68 0 14
 68 2 10
 68 4 6
 68 6 2
 68 3 11
 68 5 7
 68 7 3
 69 1 4
 68 6 8
 69 0 9
 69 2 5
 69 4 1
 68 6 13
 69 3 6
 69 5 2
 68 7 14
 69 1 15
 69 6 3
 70 0 4
 70 2 0
 69 4 12
 69 6 8
 70 3 1
 69 5 13
 69 7 9
 70 1 10
 69 6 14
 70 0 15
 70 2 11
 70 4 7
 70 6 3
 70 3 12
 70 5 8
 70 7 4
 71 1 5
 70 6 9
 71 0 10
 71 2 6
 71 4 2
 71 1 11
 71 3 7
 71 5 3
 70 7 15
 72 1 0
 71 6 4
 72 0 5
 72 2 1
 71 4 13
 72 1 6
 72 3 2
 71 5 14
 71 7 10
 72 1 11
 71 6 15
 73 0 0
 72 2 12
 72 4 8
 73 1 1
 72 3 13
 72 5 9
 72 7 5
 73 1 6
 72 6 10
 73 0 11
 73 2 7
 73 4 3
 73 1 12
 73 3 8
 73 5 4
 73 7 0
 73 4 9
 73 6 5
 74 0 6
 74 2 2
 73 4 14
 74 1 7
 74 3 3
 73 5 15
 73 7 11
 74 4 4
 74 6 0
 75 0 1
 74 2 13
 74 4 9
 75 1 2
 74 3 14
 74 5 10
 74 7 6
 74 4 15
 74 6 11
 75 0 12
 75 2 8
 75 4 4
 75 1 13
 75 3 9
 75 5 5
 75 7 1
 75 4 10
 75 6 6
 76 0 7
 76 2 3
 75 7 7
 76 1 8
 76 3 4
 76 5 0
 75 7 12
 76 4 5
 76 6 1
 77 0 2
 76 2 14
 76 7 2
 77 1 3
 76 3 15
 76 5 11
 76 7 7
 77 4 0
 76 6 12
 77 0 13
 77 2 9
 76 7 13
 77 1 14
 77 3 10
 77 5 6
 77 7 2
 77 4 11
 77 6 7
 78 0 8
 78 2 4
 77 7 8
 78 1 9
 78 3 5
 78 5 1
 78 2 10
 78 4 6
 78 6 2
 79 0 3
 78 2 15
 78 7 3
 79 1 4
 79 3 0
 78 5 12
 79 2 5
 79 4 1
 78 6 13
 79 0 14
 79 2 10
 78 7 14
 79 1 15
 79 3 11
 79 5 7
 80 2 0
 79 4 12
 79 6 8
 80 0 9
 80 2 5
 79 7 9
 80 1 10
 80 3 6
 80 5 2
 80 2 11
 80 4 7
 80 6 3
 81 0 4
 80 5 8
 80 7 4
 81 1 5
 81 3 1
 80 5 13
 81 2 6
 81 4 2
 80 6 14
 81 0 15
 81 5 3
 80 7 15
 82 1 0
 81 3 12
 81 5 8
 82 2 1
 81 4 13
 81 6 9
 82 0 10
 81 5 14
 81 7 10
 82 1 11
 82 3 7
 82 5 3
 82 2 12
 82 4 8
 82 6 4
 83 0 5
 82 5 9
 82 7 5
 83 1 6
 83 3 2
 83 0 11
 83 2 7
 83 4 3
 82 6 15
 84 0 0
 83 5 4
 83 7 0
 84 1 1
 83 3 13
 84 0 6
 84 2 2
 83 4 14
 83 6 10
 84 0 11
 83 5 15
 83 7 11
 84 1 12
 84 3 8
 85 0 1
 84 2 13
 84 4 9
 84 6 5
 85 0 6
 84 5 10
 84 7 6
 85 1 7
 85 3 3
 85 0 12
 85 2 8
 85 4 4
 85 6 0
 85 3 9
 85 5 5
 85 7 1
 86 1 2
 85 3 14
 86 0 7
 86 2 3
 85 4 15
 85 6 11
 86 3 4
 86 5 0
 85 7 12
 86 1 13
 86 3 9
 87 0 2
 86 2 14
 86 4 10
 86 6 6
 86 3 15
 86 5 11
 86 7 7
 87 1 8
 87 3 4
 87 0 13
 87 2 9
 87 4 5
 87 6 1
 87 3 10
 87 5 6
 87 7 2
 88 1 3
 87 6 7
 88 0 8
 88 2 4
 88 4 0
 87 6 12
 88 3 5
 88 5 1
 87 7 13
 88 1 14
 88 6 2
 89 0 3
 88 2 15
 88 4 11
 88 6 7
 89 3 0
 88 5 12
 88 7 8
 89 1 9
 88 6 13
 89 0 14
 89 2 10
 89 4 6
 89 6 2
 89 3 11
 89 5 7
 89 7 3
 90 1 4
 89 6 8
 90 0 9
 90 2 5
 90 4 1
 90 1 10
 90 3 6
 90 5 2
 89 7 14
 90 1 15
 90 6 3
 91 0 4
 91 2 0
 90 4 12
 91 1 5
 91 3 1
 90 5 13
 90 7 9
 91 1 10
 90 6 14
 91 0 15
 91 2 11
 91 4 7
 92 1 0
 91 3 12
 91 5 8
 91 7 4
 92 1 5
 91 6 9
 92 0 10
 92 2 6
 92 4 2
 92 1 11
 92 3 7
 92 5 3
 91 7 15
 92 4 8
 92 6 4
 93 0 5
 93 2 1
 92 4 13
 93 1 6
 93 3 2
 92 5 14
 92 7 10
 93 4 3
 92 6 15
 94 0 0
 93 2 12
 93 4 8
 94 1 1
 93 3 13
 93 5 9
 93 7 5
 93 4 14
 93 6 10
 94 0 11
 94 2 7
 94 4 3
 94 1 12
 94 3 8
 94 5 4
 94 7 0
 94 4 9
 94 6 5
 95 0 6
 95 2 2
 94 7 6
 95 1 7
 95 3 3
 94 5 15
 94 7 11
 95 4 4
 95 6 0
 96 0 1
 95 2 13
 95 7 1
 96 1 2
 95 3 14
 95 5 10
 95 7 6
 95 4 15
 95 6 11
 96 0 12
 96 2 8
 95 7 12
 96 1 13
 96 3 9
 96 5 5
 96 7 1
 96 4 10
 96 6 6
 97 0 7
 97 2 3
 96 7 7
 97 1 8
 97 3 4
 97 5 0
 97 2 9
 97 4 5
 97 6 1
 98 0 2
 97 2 14
 97 7 2
 98 1 3
 97 3 15
 97 5 11
 98 2 4
 98 4 0
 97 6 12
 98 0 13
 98 2 9
 97 7 13
 98 1 14
 98 3 10
 98 5 6
 98 2 15
 98 4 11
 98 6 7
 99 0 8
 99 2 4
 98 7 8
 99 1 9
 99 3 5
 99 5 1
 99 2 10
 99 4 6
 99 6 2
 100 0 3
 99 5 7
 99 7 3
 100 1 4
 100 3 0
 99 5 12
 100 2 5
 100 4 1
 99 6 13
 100 0 14
 100 5 2
 99 7 14
 100 1 15
 100 3 11
 100 5 7
 101 2 0
 100 4 12
 100 6 8
 101 0 9
 100 5 13
 100 7 9
 101 1 10
 101 3 6
 101 5 2
 101 2 11
 101 4 7
 101 6 3
 102 0 4
 101 5 8
 101 7 4
 102 1 5
 102 3 1
 102 0 10
 102 2 6
 102 4 2
 101 6 14
 102 0 15
 102 5 3
 101 7 15
 103 1 0
 102 3 12
 103 0 5
 103 2 1
 102 4 13
 102 6 9
 103 0 10
 102 5 14
 102 7 10
 103 1 11
 103 3 7
 104 0 0
 103 2 12
 103 4 8
 103 6 4
 104 0 5
 103 5 9
 103 7 5
 104 1 6
 104 3 2
 104 0 11
 104 2 7
 104 4 3
 103 6 15
 104 3 8
 104 5 4
 104 7 0
 105 1 1
 104 3 13
 105 0 6
 105 2 2
 104 4 14
 104 6 10
 105 3 3
 104 5 15
 104 7 11
 105 1 12
 105 3 8
 106 0 1
 105 2 13
 105 4 9
 105 6 5
 105 3 14
 105 5 10
 105 7 6
 106 1 7
 106 3 3
 106 0 12
 106 2 8
 106 4 4
 106 6 0
 106 3 9
 106 5 5
 106 7 1
 107 1 2
 106 6 6
 107 0 7
 107 2 3
 106 4 15
 106 6 11
 107 3 4
 107 5 0
 106 7 12
 107 1 13
 107 6 1
 108 0 2
 107 2 14
 107 4 10
 107 6 6
 107 3 15
 107 5 11
 107 7 7
 108 1 8
 107 6 12
 108 0 13
 108 2 9
 108 4 5
 108 6 1
 108 3 10
 108 5 6
 108 7 2
 109 1 3
 108 6 7
 109 0 8
 109 2 4
 109 4 0
 109 1 9
 109 3 5
 109 5 1
 108 7 13
 109 1 14
 109 6 2
 110 0 3
 109 2 15
 109 4 11
 110 1 4
 110 3 0
 109 5 12
 109 7 8
 110 1 9
 109 6 13
 110 0 14
 110 2 10
 110 4 6
 110 1 15
 110 3 11
 110 5 7
 110 7 3
 111 1 4
 110 6 8
 111 0 9
 111 2 5
 111 4 1
 111 1 10
 111 3 6
 111 5 2
 110 7 14
 111 4 7
 111 6 3
 112 0 4
 112 2 0
 111 4 12
 112 1 5
 112 3 1
 111 5 13
 111 7 9
 112 4 2
 111 6 14
 112 0 15
 112 2 11
 112 4 7
 113 1 0
 112 3 12
 112 5 8
 112 7 4
 112 4 13
 112 6 9
 113 0 10
 113 2 6
 113 4 2
 113 1 11
 113 3 7
 113 5 3
 112 7 15
 113 4 8
 113 6 4
 114 0 5
 114 2 1
 113 7 5
 114 1 6
 114 3 2
 113 5 14
 113 7 10
 114 4 3
 113 6 15
 115 0 0
 114 2 12
 114 7 0
 115 1 1
 114 3 13
 114 5 9
 114 7 5
 114 4 14
 114 6 10
 115 0 11
 115 2 7
 114 7 11
 115 1 12
 115 3 8
 115 5 4
 115 7 0
 115 4 9
 115 6 5
 116 0 6
 116 2 2
 115 7 6
 116 1 7
 116 3 3
 115 5 15
 116 2 8
 116 4 4
 116 6 0
 117 0 1
 116 2 13
 116 7 1
 117 1 2
 116 3 14
 116 5 10
 117 2 3
 116 4 15
 116 6 11
 117 0 12
 117 2 8
 116 7 12
 117 1 13
 117 3 9
 117 5 5
 117 2 14
 117 4 10
 117 6 6
 118 0 7
 118 2 3
 117 7 7
 118 1 8
 118 3 4
 118 5 0
 118 2 9
 118 4 5
 118 6 1
 119 0 2
 118 5 6
 118 7 2
 119 1 3
 118 3 15
 118 5 11
 119 2 4
 119 4 0
 118 6 12
 119 0 13
 119 5 1
 118 7 13
 119 1 14
 119 3 10
 119 5 6
 119 2 15
 119 4 11
 119 6 7
 120 0 8
 119 5 12
 119 7 8
 120 1 9
 120 3 5
 120 5 1
 120 2 10
 120 4 6
 120 6 2
 121 0 3
 120 5 7
 120 7 3
 121 1 4
 121 3 0
 121 0 9
 121 2 5
 121 4 1
 120 6 13
 121 0 14
 121 5 2
 120 7 14
 121 1 15
 121 3 11
 122 0 4
 122 2 0
 121 4 12
 121 6 8
 122 0 9
 121 5 13
 121 7 9
 122 1 10
 122 3 6
 122 0 15
 122 2 11
 122 4 7
 122 6 3
 123 0 4
 122 5 8
 122 7 4
 123 1 5
 123 3 1
 123 0 10
 123 2 6
 123 4 2
 122 6 14
 123 3 7
 123 5 3
 122 7 15
 124 1 0
 123 3 12
 124 0 5
 124 2 1
 123 4 13
 123 6 9
 124 3 2
 123 5 14
 123 7 10
 124 1 11
 124 3 7
 125 0 0
 124 2 12
 124 4 8
 124 6 4
 124 3 13
 124 5 9
 124 7 5
 125 1 6
 125 3 2
 125 0 11
 125 2 7
 125 4 3
 124 6 15
 125 3 8
 125 5 4
 125 7 0
 126 1 1
 125 6 5
 126 0 6
 126 2 2
 125 4 14
 125 6 10
 126 3 3
 125 5 15
 125 7 11
 126 1 12
 126 6 0
 127 0 1
 126 2 13
 126 4 9
 126 6 5
 126 3 14
 126 5 10
 126 7 6
 127 1 7
 126 6 11
 127 0 12
 127 2 8
 127 4 4
 127 6 0
 127 3 9
 127 5 5
 127 7 1
 128 1 2
 127 6 6
 128 0 7
 128 2 3
 127 4 15
 128 1 8
 128 3 4
 128 5 0
 127 7 12
 128 1 13
 128 6 1
 129 0 2
 128 2 14
 128 4 10
 129 1 3
 128 3 15
 128 5 11
 128 7 7
 129 1 8
 128 6 12
 129 0 13
 129 2 9
 129 4 5
 129 1 14
 129 3 10
 129 5 6
 129 7 2
 130 1 3
 129 6 7
 130 0 8
 130 2 4
 130 4 0
 130 1 9
 130 3 5
 130 5 1
 129 7 13
 130 4 6
 130 6 2
 131 0 3
 130 2 15
 130 4 11
 131 1 4
 131 3 0
 130 5 12
 130 7 8
 131 4 1
 130 6 13
 131 0 14
 131 2 10
 131 4 6
 131 1 15
 131 3 11
 131 5 7
 131 7 3
 131 4 12
 131 6 8
 132 0 9
 132 2 5
 132 4 1
 132 1 10
 132 3 6
 132 5 2
 131 7 14
 132 4 7
 132 6 3
 133 0 4
 133 2 0
 132 7 4
 133 1 5
 133 3 1
 132 5 13
 132 7 9
 133 4 2
 132 6 14
 133 0 15
 133 2 11
 132 7 15
 134 1 0
 133 3 12
 133 5 8
 133 7 4
 133 4 13
 133 6 9
 134 0 10
 134 2 6
 133 7 10
 134 1 11
 134 3 7
 134 5 3
 133 7 15
 134 4 8
 134 6 4
 135 0 5
 135 2 1
 134 7 5
 135 1 6
 135 3 2
 134 5 14
 135 2 7
 135 4 3
 134 6 15
 136 0 0
 135 2 12
 135 7 0
 136 1 1
 135 3 13
 135 5 9
 136 2 2
 135 4 14
 135 6 10
 136 0 11
 136 2 7
 135 7 11
 136 1 12
 136 3 8
 136 5 4
 136 2 13
 136 4 9
 136 6 5
 137 0 6
 137 2 2
 136 7 6
 137 1 7
 137 3 3
 136 5 15
 137 2 8
 137 4 4
 137 6 0
 138 0 1
 137 5 5
 137 7 1
 138 1 2
 137 3 14
 137 5 10
 138 2 3
 137 4 15
 137 6 11
 138 0 12
 138 5 0
 137 7 12
 138 1 13
 138 3 9
 138 5 5
 138 2 14
 138 4 10
 138 6 6
 139 0 7
 138 5 11
 138 7 7
 139 1 8
 139 3 4
 139 5 0
 139 2 9
 139 4 5
 139 6 1
 140 0 2
 139 5 6
 139 7 2
 140 1 3
 139 3 15
 140 0 8
 140 2 4
 140 4 0
 139 6 12
 140 0 13
 140 5 1
 139 7 13
 140 1 14
 140 3 10
 141 0 3
 140 2 15
 140 4 11
 140 6 7
 141 0 8
 140 5 12
 140 7 8
 141 1 9
 141 3 5
 141 0 14
 141 2 10
 141 4 6
 141 6 2
 142 0 3
 141 5 7
 141 7 3
 142 1 4
 142 3 0
 142 0 9
 142 2 5
 142 4 1
 141 6 13
 142 3 6
 142 5 2
 141 7 14
 142 1 15
 142 3 11
 143 0 4
 143 2 0
 142 4 12
 142 6 8
 143 3 1
 142 5 13
 142 7 9
 143 1 10
 143 3 6
 143 0 15
 143 2 11
 143 4 7
 143 6 3
 143 3 12
 143 5 8
 143 7 4
 144 1 5
 144 3 1
 144 0 10
 144 2 6
 144 4 2
 143 6 14
 144 3 7
 144 5 3
 143 7 15
 145 1 0
 144 6 4
 145 0 5
 145 2 1
 144 4 13
 144 6 9
 145 3 2
 144 5 14
 144 7 10
 145 1 11
 144 6 15
 146 0 0
 145 2 12
 145 4 8
 145 6 4
 145 3 13
 145 5 9
 145 7 5
 146 1 6
 145 6 10
 146 0 11
 146 2 7
 146 4 3
 145 6 15
 146 3 8
 146 5 4
 146 7 0
 147 1 1
 146 6 5
 147 0 6
 147 2 2
 146 4 14
 147 1 7
 147 3 3
 146 5 15
 146 7 11
 147 1 12
 147 6 0
 148 0 1
 147 2 13
 147 4 9
 148 1 2
 147 3 14
 147 5 10
 147 7 6
 148 1 7
 147 6 11
 148 0 12
 148 2 8
 148 4 4
 148 1 13
 148 3 9
 148 5 5
 148 7 1
 149 1 2
 148 6 6
 149 0 7
 149 2 3
 148 4 15
 149 1 8
 149 3 4
 149 5 0
 148 7 12
 149 4 5
 149 6 1
 150 0 2
 149 2 14
 149 4 10
 150 1 3
 149 3 15
 149 5 11
 149 7 7
 150 4 0
 149 6 12
 150 0 13
 150 2 9
 150 4 5
 150 1 14
 150 3 10
 150 5 6
 150 7 2
 150 4 11
 150 6 7
 151 0 8
 151 2 4
 151 4 0
 151 1 9
 151 3 5
 151 5 1
 150 7 13
 151 4 6
 151 6 2
 152 0 3
 151 2 15
 151 7 3
 152 1 4
 152 3 0
 151 5 12
 151 7 8
 152 4 1
 151 6 13
 152 0 14
 152 2 10
 151 7 14
 152 1 15
 152 3 11
 152 5 7
 152 7 3
 152 4 12
 152 6 8
 153 0 9
 153 2 5
 152 7 9
 153 1 10
 153 3 6
 153 5 2
 152 7 14
 153 4 7
 153 6 3
 154 0 4
 154 2 0
 153 7 4
 154 1 5
 154 3 1
 153 5 13
 154 2 6
 154 4 2
 153 6 14
 154 0 15
 154 2 11
 153 7 15
 155 1 0
 154 3 12
 154 5 8
 155 2 1
 154 4 13
 154 6 9
 155 0 10
 155 2 6
 154 7 10
 155 1 11
 155 3 7
 155 5 3
 155 2 12
 155 4 8
 155 6 4
 156 0 5
 156 2 1
 155 7 5
 156 1 6
 156 3 2
 155 5 14
 156 2 7
 156 4 3
 155 6 15
 157 0 0
 156 5 4
 156 7 0
 157 1 1
 156 3 13
 156 5 9
 157 2 2
 156 4 14
 156 6 10
 157 0 11
 156 5 15
 156 7 11
 157 1 12
 157 3 8
 157 5 4
 157 2 13
 157 4 9
 157 6 5
 158 0 6
 157 5 10
 157 7 6
 158 1 7
 158 3 3
 158 0 12
 158 2 8
 158 4 4
 158 6 0
 159 0 1
 158 5 5
 158 7 1
 159 1 2
 158 3 14
 159 0 7
 159 2 3
 158 4 15
 158 6 11
 159 0 12
 159 5 0
 158 7 12
 159 1 13
 159 3 9
 160 0 2
 159 2 14
 159 4 10
 159 6 6
 160 0 7
 159 5 11
 159 7 7
 160 1 8
 160 3 4
 160 0 13
 160 2 9
 160 4 5
 160 6 1
 160 3 10
 160 5 6
 160 7 2
 161 1 3
 160 3 15
 161 0 8
 161 2 4
 161 4 0
 160 6 12
 161 3 5
 161 5 1
 160 7 13
 161 1 14
 161 3 10
 162 0 3
 161 2 15
 161 4 11
 161 6 7
 162 3 0
 161 5 12
 161 7 8
 162 1 9
 162 3 5
 162 0 14
 162 2 10
 162 4 6
 162 6 2
 162 3 11
 162 5 7
 162 7 3
 163 1 4
 162 6 8
 163 0 9
 163 2 5
 163 4 1
 162 6 13
 163 3 6
 163 5 2
 162 7 14
 163 1 15
 163 6 3
 164 0 4
 164 2 0
 163 4 12
 163 6 8
 164 3 1
 163 5 13
 163 7 9
 164 1 10
 163 6 14
 164 0 15
 164 2 11
 164 4 7
 164 6 3
 164 3 12
 164 5 8
 164 7 4
 165 1 5
 164 6 9
 165 0 10
 165 2 6
 165 4 2
 165 1 11
 165 3 7
 165 5 3
 164 7 15
 166 1 0
 165 6 4
 166 0 5
 166 2 1
 165 4 13
 166 1 6
 166 3 2
 165 5 14
 165 7 10
 166 1 11
 165 6 15
 167 0 0
 166 2 12
 166 4 8
 167 1 1
 166 3 13
 166 5 9
 166 7 5
 167 1 6
 166 6 10
 167 0 11
 167 2 7
 167 4 3
 167 1 12
 167 3 8
 167 5 4
 167 7 0
 167 4 9
 167 6 5
 168 0 6
 168 2 2
 167 4 14
 168 1 7
 168 3 3
 167 5 15
 167 7 11
 168 4 4
 168 6 0
 169 0 1
 168 2 13
 168 4 9
 169 1 2
 168 3 14
 168 5 10
 168 7 6
 168 4 15
 168 6 11
 169 0 12
 169 2 8
 169 4 4
 169 1 13
 169 3 9
 169 5 5
 169 7 1
 169 4 10
 169 6 6
 170 0 7
 170 2 3
 169 7 7
 170 1 8
 170 3 4
 170 5 0
 169 7 12
 170 4 5
 170 6 1
 171 0 2
 170 2 14
 170 7 2
 171 1 3
 170 3 15
 170 5 11
 170 7 7
 171 4 0
 170 6 12
 171 0 13
 171 2 9
 170 7 13
 171 1 14
 171 3 10
 171 5 6
 171 7 2
 171 4 11
 171 6 7
 172 0 8
 172 2 4
 171 7 8
 172 1 9
 172 3 5
 172 5 1
 172 2 10
 172 4 6
 172 6 2
 173 0 3
 172 2 15
 172 7 3
 173 1 4
 173 3 0
 172 5 12
 173 2 5
 173 4 1
 172 6 13
 173 0 14
 173 2 10
 172 7 14
 173 1 15
 173 3 11
 173 5 7
 174 2 0
 173 4 12
 173 6 8
 174 0 9
 174 2 5
 173 7 9
 174 1 10
 174 3 6
 174 5 2
 174 2 11
 174 4 7
 174 6 3
 175 0 4
 174 5 8
 174 7 4
 175 1 5
 175 3 1
 174 5 13
 175 2 6
 175 4 2
 174 6 14
 175 0 15
 175 5 3
 174 7 15
 176 1 0
 175 3 12
 175 5 8
 176 2 1
 175 4 13
 175 6 9
 176 0 10
 175 5 14
 175 7 10
 176 1 11
 176 3 7
 176 5 3
 176 2 12
 176 4 8
 176 6 4
 177 0 5
 176 5 9
 176 7 5
 177 1 6
 177 3 2
 177 0 11
 177 2 7
 177 4 3
 176 6 15
 178 0 0
 177 5 4
 177 7 0
 178 1 1
 177 3 13
 178 0 6
 178 2 2
 177 4 14
 177 6 10
 178 0 11
 177 5 15
 177 7 11
 178 1 12
 178 3 8
 179 0 1
 178 2 13
 178 4 9
 178 6 5
 179 0 6
 178 5 10
 178 7 6
 179 1 7
 179 3 3
 179 0 12
 179 2 8
 179 4 4
 179 6 0
 179 3 9
 179 5 5
 179 7 1
 180 1 2
 179 3 14
 180 0 7
 180 2 3
 179 4 15
 179 6 11
 180 3 4
 180 5 0
 179 7 12
 180 1 13
 180 3 9
 181 0 2
 180 2 14
 180 4 10
 180 6 6
 180 3 15
 180 5 11
 180 7 7
 181 1 8
 181 3 4
 181 0 13
 181 2 9
 181 4 5
 181 6 1
 181 3 10
 181 5 6
 181 7 2
 182 1 3
 181 6 7
 182 0 8
 182 2 4
 182 4 0
 181 6 12
 182 3 5
 182 5 1
 181 7 13
 182 1 14
 182 6 2
 183 0 3
 182 2 15
 182 4 11
 182 6 7
 183 3 0
 182 5 12
 182 7 8
 183 1 9
 182 6 13
 183 0 14
 183 2 10
 183 4 6
 183 6 2
 183 3 11
 183 5 7
 183 7 3
 184 1 4
 183 6 8
 184 0 9
 184 2 5
 184 4 1
 184 1 10
 184 3 6
 184 5 2
 183 7 14
 184 1 15
 184 6 3
 185 0 4
 185 2 0
 184 4 12
 185 1 5
 185 3 1
 184 5 13
 184 7 9
 185 1 10
 184 6 14
 185 0 15
 185 2 11
 185 4 7
 186 1 0
 185 3 12
 185 5 8
 185 7 4
 186 1 5
 185 6 9
 186 0 10
 186 2 6
 186 4 2
 186 1 11
 186 3 7
 186 5 3
 185 7 15
 186 4 8
 186 6 4
 187 0 5
 187 2 1
 186 4 13
 187 1 6
 187 3 2
 186 5 14
 186 7 10
 187 4 3
 186 6 15
 188 0 0
 187 2 12
 187 4 8
 188 1 1
 187 3 13
 187 5 9
 187 7 5
 187 4 14
 187 6 10
 188 0 11
 188 2 7
 188 4 3
 188 1 12
 188 3 8
 188 5 4
 188 7 0
 188 4 9
 188 6 5
 189 0 6
 189 2 2
 188 7 6
 189 1 7
 189 3 3
 188 5 15
 188 7 11
 189 4 4
 189 6 0
 190 0 1
 189 2 13
 189 7 1
 190 1 2
 189 3 14
 189 5 10
 189 7 6
 189 4 15
 189 6 11
 190 0 12
 190 2 8
 189 7 12
 190 1 13
 190 3 9
 190 5 5
 190 7 1
 190 4 10
 190 6 6
 191 0 7
 191 2 3
 190 7 7
 191 1 8
 191 3 4
 191 5 0
 191 2 9
 191 4 5
 191 6 1
 192 0 2
 191 2 14
 191 7 2
 192 1 3
 191 3 15
 191 5 11
 192 2 4
 192 4 0
 191 6 12
 192 0 13
 192 2 9
 191 7 13
 192 1 14
 192 3 10
 192 5 6
 192 2 15
 192 4 11
 192 6 7
 193 0 8
 193 2 4
 192 7 8
 193 1 9
 193 3 5
 193 5 1
 193 2 10
 193 4 6
 193 6 2
 194 0 3
 193 5 7
 193 7 3
 194 1 4
 194 3 0
 193 5 12
 194 2 5
 194 4 1
 193 6 13
 194 0 14
 194 5 2
 193 7 14
 194 1 15
 194 3 11
 194 5 7
 195 2 0
 194 4 12
 194 6 8
 195 0 9
 194 5 13
 194 7 9
 195 1 10
 195 3 6
 195 5 2
 195 2 11
 195 4 7
 195 6 3
 196 0 4
 195 5 8
 195 7 4
 196 1 5
 196 3 1
 196 0 10
 196 2 6
 196 4 2
 195 6 14
 196 0 15
 196 5 3
 195 7 15
 197 1 0
 196 3 12
 197 0 5
 197 2 1
 196 4 13
 196 6 9
 197 0 10
 196 5 14
 196 7 10
 197 1 11
 197 3 7
 198 0 0
 197 2 12
 197 4 8
 197 6 4
 198 0 5
 197 5 9
 197 7 5
 198 1 6
 198 3 2
 198 0 11
 198 2 7
 198 4 3
 197 6 15
 198 3 8
 198 5 4
 198 7 0
 199 1 1
 198 3 13
 199 0 6
 199 2 2
 198 4 14
 198 6 10
 199 3 3
 198 5 15
 198 7 11
 199 1 12
 199 3 8
 200 0 1
 199 2 13
 199 4 9
 199 6 5
 199 3 14
 199 5 10
 199 7 6
 200 1 7
 200 3 3
 200 0 12
 200 2 8
 200 4 4
 200 6 0
 200 3 9
 200 5 5
 200 7 1
 201 1 2
 200 6 6
 201 0 7
 201 2 3
 200 4 15
 200 6 11
 201 3 4
 201 5 0
 200 7 12
 201 1 13
 201 6 1
 202 0 2
 201 2 14
 201 4 10
 201 6 6
 201 3 15
 201 5 11
 201 7 7
 202 1 8
 201 6 12
 202 0 13
 202 2 9
 202 4 5
 202 6 1
 202 3 10
 202 5 6
 202 7 2
 203 1 3
 202 6 7
 203 0 8
 203 2 4
 203 4 0
 203 1 9
 203 3 5
 203 5 1
 202 7 13
 203 1 14
 203 6 2
 204 0 3
 203 2 15
 203 4 11
 204 1 4
 204 3 0
 203 5 12
 203 7 8
 204 1 9
 203 6 13
 204 0 14
 204 2 10
 204 4 6
 204 1 15
 204 3 11
 204 5 7
 204 7 3
 205 1 4
 204 6 8
 205 0 9
 205 2 5
 205 4 1
 205 1 10
 205 3 6
 205 5 2
 204 7 14
 205 4 7
 205 6 3
 206 0 4
 206 2 0
 205 4 12
 206 1 5
 206 3 1
 205 5 13
 205 7 9
 206 4 2
 205 6 14
 206 0 15
 206 2 11
 206 4 7
 207 1 0
 206 3 12
 206 5 8
 206 7 4
 206 4 13
 206 6 9
 207 0 10
 207 2 6
 207 4 2
 207 1 11
 207 3 7
 207 5 3
 206 7 15
 207 4 8
 207 6 4
 208 0 5
 208 2 1
 207 7 5
 208 1 6
 208 3 2
 207 5 14
 207 7 10
 208 4 3
 207 6 15
 209 0 0
 208 2 12
 208 7 0
 209 1 1
 208 3 13
 208 5 9
 208 7 5
 208 4 14
 208 6 10
 209 0 11
 209 2 7
 208 7 11
 209 1 12
 209 3 8
 209 5 4
 209 7 0
 209 4 9
 209 6 5
 210 0 6
 210 2 2
 209 7 6
 210 1 7
 210 3 3
 209 5 15
 210 2 8
 210 4 4
 210 6 0
 211 0 1
 210 2 13
 210 7 1
 211 1 2
 210 3 14
 210 5 10
 211 2 3
 210 4 15
 210 6 11
 211 0 12
 211 2 8
 210 7 12
 211 1 13
 211 3 9
 211 5 5
 211 2 14
 211 4 10
 211 6 6
 212 0 7
 212 2 3
 211 7 7
 212 1 8
 212 3 4
 212 5 0
 212 2 9
 212 4 5
 212 6 1
 213 0 2
 212 5 6
 212 7 2
 213 1 3
 212 3 15
 212 5 11
 213 2 4
 213 4 0
 212 6 12
 213 0 13
 213 5 1
 212 7 13
 213 1 14
 213 3 10
 213 5 6
 213 2 15
 213 4 11
 213 6 7
 214 0 8
 213 5 12
 213 7 8
 214 1 9
 214 3 5
 214 5 1
 214 2 10
 214 4 6
 214 6 2
 215 0 3
 214 5 7
 214 7 3
 215 1 4
 215 3 0
 215 0 9
 215 2 5
 215 4 1
 214 6 13
 215 0 14
 215 5 2
 214 7 14
 215 1 15
 215 3 11
 216 0 4
 216 2 0
 215 4 12
 215 6 8
 216 0 9
 215 5 13
 215 7 9
 216 1 10
 216 3 6
 216 0 15
 216 2 11
 216 4 7
 216 6 3
 217 0 4
 216 5 8
 216 7 4
 217 1 5
 217 3 1
 217 0 10
 217 2 6
 217 4 2
 216 6 14
 217 3 7
 217 5 3
 216 7 15
 218 1 0
 217 3 12
 218 0 5
 218 2 1
 217 4 13
 217 6 9
 218 3 2
 217 5 14
 217 7 10
 218 1 11
 218 3 7
 219 0 0
 218 2 12
 218 4 8
 218 6 4
 218 3 13
 218 5 9
 218 7 5
 219 1 6
 219 3 2
 219 0 11
 219 2 7
 219 4 3
 218 6 15
 219 3 8
 219 5 4
 219 7 0
 220 1 1
 219 6 5
 220 0 6
 220 2 2
 219 4 14
 219 6 10
 220 3 3
 219 5 15
 219 7 11
 220 1 12
 220 6 0
 221 0 1
 220 2 13
 220 4 9
 220 6 5
 220 3 14
 220 5 10
 220 7 6
 221 1 7
 220 6 11
 221 0 12
 221 2 8
 221 4 4
 221 6 0
 221 3 9
 221 5 5
 221 7 1
 222 1 2
 221 6 6
 222 0 7
 222 2 3
 221 4 15
 222 1 8
 222 3 4
 222 5 0
 221 7 12
 222 1 13
 222 6 1
 223 0 2
 222 2 14
 222 4 10
 223 1 3
 222 3 15
 222 5 11
 222 7 7
 223 1 8
 222 6 12
 223 0 13
 223 2 9
 223 4 5
 223 1 14
 223 3 10
 223 5 6
 223 7 2
 224 1 3
 223 6 7
 224 0 8
 224 2 4
 224 4 0
 224 1 9
 224 3 5
 224 5 1
 223 7 13
 224 4 6
 224 6 2
 225 0 3
 224 2 15
 224 4 11
 225 1 4
 225 3 0
 224 5 12
 224 7 8
 225 4 1
 224 6 13
 225 0 14
 225 2 10
 225 4 6
 225 1 15
 225 3 11
 225 5 7
 225 7 3
 225 4 12
 225 6 8
 226 0 9
 226 2 5
 226 4 1
 226 1 10
 226 3 6
 226 5 2
 225 7 14
 226 4 7
 226 6 3
 227 0 4
 227 2 0
 226 7 4
 227 1 5
 227 3 1
 226 5 13
 226 7 9
 227 4 2
 226 6 14
 227 0 15
 227 2 11
 226 7 15
 228 1 0
 227 3 12
 227 5 8
 227 7 4
 227 4 13
 227 6 9
 228 0 10
 228 2 6
 227 7 10
 228 1 11
 228 3 7
 228 5 3
 227 7 15
 228 4 8
 228 6 4
 229 0 5
 229 2 1
 228 7 5
 229 1 6
 229 3 2
 228 5 14
 229 2 7
 229 4 3
 228 6 15
 230 0 0
 229 2 12
 229 7 0
 230 1 1
 229 3 13
 229 5 9
 230 2 2
 229 4 14
 229 6 10
 230 0 11
 230 2 7
 229 7 11
 230 1 12
 230 3 8
 230 5 4
 230 2 13
 230 4 9
 230 6 5
 231 0 6
 231 2 2
 230 7 6
 231 1 7
 231 3 3
 230 5 15
 231 2 8
 231 4 4
 231 6 0
 232 0 1
 231 5 5
 231 7 1
 232 1 2
 231 3 14
 231 5 10
 232 2 3
 231 4 15
 231 6 11
 232 0 12
 232 5 0
 231 7 12
 232 1 13
 232 3 9
 232 5 5
 232 2 14
 232 4 10
 232 6 6
 233 0 7
 232 5 11
 232 7 7
 233 1 8
 233 3 4
 233 5 0
 233 2 9
 233 4 5
 233 6 1
 234 0 2
 233 5 6
 233 7 2
 234 1 3
 233 3 15
 234 0 8
 234 2 4
 234 4 0
 233 6 12
 234 0 13
 234 5 1
 233 7 13
 234 1 14
 234 3 10
 235 0 3
 234 2 15
 234 4 11
 234 6 7
 235 0 8
 234 5 12
 234 7 8
 235 1 9
 235 3 5
 235 0 14
 235 2 10
 235 4 6
 235 6 2
 236 0 3
 235 5 7
 235 7 3
 236 1 4
 236 3 0
 236 0 9
 236 2 5
 236 4 1
 235 6 13
 236 3 6
 236 5 2
 235 7 14
 236 1 15
 236 3 11
 237 0 4
 237 2 0
 236 4 12
 236 6 8
 237 3 1
 236 5 13
 236 7 9
 237 1 10
 237 3 6
 237 0 15
 237 2 11
 237 4 7
 237 6 3
 237 3 12
 237 5 8
 237 7 4
 238 1 5
 238 3 1
 238 0 10
 238 2 6
 238 4 2
 237 6 14
 238 3 7
 238 5 3
 237 7 15
 239 1 0
 238 6 4
 239 0 5
 239 2 1
 238 4 13
 238 6 9
 239 3 2
 238 5 14
 238 7 10
 239 1 11
 238 6 15
 240 0 0
 239 2 12
 239 4 8
 239 6 4
 239 3 13
 239 5 9
 239 7 5
 240 1 6
 239 6 10
 240 0 11
 240 2 7
 240 4 3
 239 6 15
 240 3 8
 240 5 4
 240 7 0
 241 1 1
 240 6 5
 241 0 6
 241 2 2
 240 4 14
 241 1 7
 241 3 3
 240 5 15
 240 7 11
 241 1 12
 241 6 0
 242 0 1
 241 2 13
 241 4 9
 242 1 2
 241 3 14
 241 5 10
 241 7 6
 242 1 7
 241 6 11
 242 0 12
 242 2 8
 242 4 4
 242 1 13
 242 3 9
 242 5 5
 242 7 1
 243 1 2
 242 6 6
 243 0 7
 243 2 3
 242 4 15
 243 1 8
 243 3 4
 243 5 0
 242 7 12
 243 4 5
 243 6 1
 244 0 2
 243 2 14
 243 4 10
 244 1 3
 243 3 15
 243 5 11
 243 7 7
 244 4 0
 243 6 12
 244 0 13
 244 2 9
 244 4 5
 244 1 14
 244 3 10
 244 5 6
 244 7 2
 244 4 11
 244 6 7
 245 0 8
 245 2 4
 245 4 0
 245 1 9
 245 3 5
 245 5 1
 244 7 13
 245 4 6
 245 6 2
 246 0 3
 245 2 15
 245 7 3
 246 1 4
 246 3 0
 245 5 12
 245 7 8
 246 4 1
 245 6 13
 246 0 14
 246 2 10
 245 7 14
 246 1 15
 246 3 11
 246 5 7
 246 7 3
 246 4 12
 246 6 8
 247 0 9
 247 2 5
 246 7 9
 247 1 10
 247 3 6
 247 5 2
 246 7 14
 247 4 7
 247 6 3
 248 0 4
 248 2 0
 247 7 4
 248 1 5
 248 3 1
 247 5 13
 248 2 6
 248 4 2
 247 6 14
 248 0 15
 248 2 11
 247 7 15
 249 1 0
 248 3 12
 248 5 8
 249 2 1
 248 4 13
 248 6 9
 249 0 10
 249 2 6
 248 7 10
 249 1 11
 249 3 7
 249 5 3
 249 2 12
 249 4 8
 249 6 4
 250 0 5
 250 2 1
 249 7 5
 250 1 6
 250 3 2
 249 5 14
 250 2 7
 250 4 3
 249 6 15
 251 0 0
 250 5 4
 250 7 0
 251 1 1
 250 3 13
 250 5 9
 251 2 2
 250 4 14
 250 6 10
 251 0 11
 250 5 15
 250 7 11
 251 1 12
 251 3 8
 251 5 4
 251 2 13
 251 4 9
 251 6 5
 252 0 6
 251 5 10
 251 7 6
 252 1 7
 252 3 3
 251 5 15
 252 2 8
 252 4 4
 252 6 0
 253 0 1
 252 5 5
 252 7 1
 253 1 2
 252 3 14
 253 0 7
 253 2 3
 252 4 15
 252 6 11
 253 0 12
 253 5 0
 252 7 12
 253 1 13
 253 3 9
 254 0 2
 253 2 14
 253 4 10
 253 6 6
 254 0 7
 253 5 11
 253 7 7
 254 1 8
 254 3 4
 254 0 13
 254 2 9
 254 4 5
 254 6 1
 255 0 2
 254 5 6
 254 7 2
 255 1 3
 254 3 15
 255 0 8
 255 2 4
 255 4 0
 254 6 12
 255 3 5
 255 5 1
 254 7 13
 255 1 14
 255 3 10
 255 0 19
 255 2 15
 255 4 11
 255 6 7
 255 3 16
 255 5 12
 255 7 8
 255 9 4
 255 11 0
 255 8 9
 255 10 5
 255 12 1
 255 6 18
 255 11 6
 255 13 2
 255 7 19
 255 9 15
 255 11 11
 255 8 20
 255 10 16
 255 12 12
 255 14 8
 255 11 17
 255 13 13
 255 15 9
 255 17 5
 255 14 14
 255 16 10
 255 18 6
 255 20 2
 255 14 19
 255 19 7
 255 21 3
 255 15 20
 255 17 16
 255 22 4
 255 24 0
 255 18 17
 255 20 13
 255 22 9
 255 19 18
 255 21 14
 255 23 10
 255 25 6
 255 22 15
 255 24 11
 255 26 7
 255 28 3
 255 22 20
 255 27 8
 255 29 4
 255 31 0
 255 25 17
 255 30 5
 255 32 1
 255 26 18
 255 28 14
 255 33 2
 255 27 19
 255 29 15
 255 31 11
 255 33 7
 255 30 16
 255 32 12
 255 34 8
 255 36 4
 255 33 13
 255 35 9
 255 37 5
 255 39 1
 255 33 18
 255 38 6
 255 40 2
 255 34 19
 255 36 15
 255 41 3
 255 35 20
 255 37 16
 255 39 12
 255 44 0
 255 38 17
 255 40 13
 255 42 9
 255 44 5
 255 41 14
 255 43 10
 255 45 6
 255 47 2
 255 44 11
 255 46 7
 255 48 3
 255 42 20
 255 44 16
 255 49 4
 255 51 0
 255 45 17
 255 47 13
 255 52 1
 255 46 18
 255 48 14
 255 50 10
 255 52 6
 255 49 15
 255 51 11
 255 53 7
 255 55 3
 255 52 12
 255 54 8
 255 56 4
 255 58 0
 255 55 9
 255 57 5
 255 59 1
 255 53 18
 255 55 14
 255 60 2
 255 54 19
 255 56 15
 255 58 11
 255 55 20
 255 57 16
 255 59 12
 255 61 8
 255 63 4
 255 60 13
 255 62 9
 255 64 5
 255 66 1
 255 63 10
 255 65 6
 255 67 2
 255 61 19
 255 63 15
 255 68 3
 255 62 20
 255 64 16
 255 66 12
 255 71 0
 255 65 17
 255 67 13
 255 69 9
 255 66 18
 255 68 14
 255 70 10
 255 72 6
 255 74 2
 255 71 11
 255 73 7
 255 75 3
 255 69 20
 255 74 8
 255 76 4
 255 78 0
 255 72 17
 255 74 13
 255 79 1
 255 73 18
 255 75 14
 255 77 10
 255 74 19
 255 76 15
 255 78 11
 255 80 7
 255 82 3
 255 79 12
 255 81 8
 255 83 4
 255 85 0
 255 82 9
 255 84 5
 255 86 1
 255 80 18
 255 85 6
 255 87 2
 255 81 19
 255 83 15
 255 85 11
 255 82 20
 255 84 16
 255 86 12
 255 88 8
 255 85 17
 255 87 13
 255 89 9
 255 91 5
 255 93 1
 255 90 10
 255 92 6
 255 94 2
 255 88 19
 255 93 7
 255 95 3
 255 89 20
 255 91 16
 255 93 12
 255 98 0
 255 92 17
 255 94 13
 255 96 9
 255 93 18
 255 95 14
 255 97 10
 255 99 6
 255 96 15
 255 98 11
 255 100 7
 255 102 3
 255 96 20
 255 101 8
 255 103 4
 255 105 0
 255 99 17
 255 104 5
 255 106 1
 255 100 18
 255 102 14
 255 104 10
 255 101 19
 255 103 15
 255 105 11
 255 107 7
 255 104 16
 255 106 12
 255 108 8
 255 110 4
 255 112 0
 255 109 9
 255 111 5
 255 113 1
 255 107 18
 255 112 6
 255 114 2
 255 108 19
 255 110 15
 255 115 3
 255 109 20
 255 111 16
 255 113 12
 255 115 8
 255 112 17
 255 114 13
 255 116 9
 255 118 5
 255 115 14
 255 117 10
 255 119 6
 255 121 2
 255 115 19
 255 120 7
 255 122 3
 255 116 20
 255 118 16
 255 123 4
 255 125 0
 255 119 17
 255 121 13
 255 123 9
 255 120 18
 255 122 14
 255 124 10
 255 126 6
 255 123 15
 255 125 11
 255 127 7
 255 129 3
 255 126 12
 255 128 8
 255 130 4
 255 132 0
 255 126 17
 255 131 5
 255 133 1
 255 127 18
 255 129 14
 255 134 2
 255 128 19
 255 130 15
 255 132 11
 255 134 7
 255 131 16
 255 133 12
 255 135 8
 255 137 4
 255 134 13
 255 136 9
 255 138 5
 255 140 1
 255 134 18
 255 139 6
 255 141 2
 255 135 19
 255 137 15
 255 142 3
 255 136 20
 255 138 16
 255 140 12
 255 145 0
 255 139 17
 255 141 13
 255 143 9
 255 145 5
 255 142 14
 255 144 10
 255 146 6
 255 148 2
 255 145 11
 255 147 7
 255 149 3
 255 143 20
 255 145 16
 255 150 4
 255 152 0
 255 146 17
 255 148 13
 255 153 1
 255 147 18
 255 149 14
 255 151 10
 255 153 6
 255 150 15
 255 152 11
 255 154 7
 255 156 3
 255 153 12
 255 155 8
 255 157 4
 255 159 0
 255 156 9
 255 158 5
 255 160 1
 255 154 18
 255 156 14
 255 161 2
 255 155 19
 255 157 15
 255 159 11
 255 156 20
 255 158 16
 255 160 12
 255 162 8
 255 164 4
 255 161 13
 255 163 9
 255 165 5
 255 167 1
 255 164 10
 255 166 6
 255 168 2
 255 162 19
 255 164 15
 255 169 3
 255 163 20
 255 165 16
 255 167 12
 255 172 0
 255 166 17
 255 168 13
 255 170 9
 255 167 18
 255 169 14
 255 171 10
 255 173 6
 255 175 2
 255 172 11
 255 174 7
 255 176 3
 255 170 20
 255 175 8
 255 177 4
 255 179 0
 255 173 17
 255 175 13
 255 180 1
 255 174 18
 255 176 14
 255 178 10
 255 175 19
 255 177 15
 255 179 11
 255 181 7
 255 183 3
 255 180 12
 255 182 8
 255 184 4
 255 186 0
 255 183 9
 255 185 5
 255 187 1
 255 181 18
 255 186 6
 255 188 2
 255 182 19
 255 184 15
 255 186 11
 255 183 20
 255 185 16
 255 187 12
 255 189 8
 255 186 17
 255 188 13
 255 190 9
 255 192 5
 255 194 1
 255 191 10
 255 193 6
 255 195 2
 255 189 19
 255 194 7
 255 196 3
 255 190 20
 255 192 16
 255 194 12
 255 199 0
 255 193 17
 255 195 13
 255 197 9
 255 194 18
 255 196 14
 255 198 10
 255 200 6
 255 197 15
 255 199 11
 255 201 7
 255 203 3
 255 197 20
 255 202 8
 255 204 4
 255 206 0
 255 200 17
 255 205 5
 255 207 1
 255 201 18
 255 203 14
 255 205 10
 255 202 19
 255 204 15
 255 206 11
 255 208 7
 255 205 16
 255 207 12
 255 209 8
 255 211 4
 255 213 0
 255 210 9
 255 212 5
 255 214 1
 255 208 18
 255 213 6
 255 215 2
 255 209 19
 255 211 15
 255 216 3
 255 210 20
 255 212 16
 255 214 12
 255 216 8
 255 213 17
 255 215 13
 255 217 9
 255 219 5
 255 216 14
 255 218 10
 255 220 6
 255 222 2
 255 216 19
 255 221 7
 255 223 3
 255 217 20
 255 219 16
 255 224 4
 255 226 0
 255 220 17
 255 222 13
 255 224 9
 255 221 18
 255 223 14
 255 225 10
 255 227 6
 255 224 15
 255 226 11
 255 228 7
 255 230 3
 255 227 12
 255 229 8
 255 231 4
 255 233 0
 255 227 17
 255 232 5
 255 234 1
 255 228 18
 255 230 14
 255 235 2
 255 229 19
 255 231 15
 255 233 11
 255 235 7
 255 232 16
 255 234 12
 255 236 8
 255 238 4
 255 235 13
 255 237 9
 255 239 5
 255 241 1
 255 235 18
 255 240 6
 255 242 2
 255 236 19
 255 238 15
 255 243 3
 255 237 20
 255 239 16
 255 241 12
 255 246 0
 255 240 17
 255 242 13
 255 244 9
 255 246 5
 255 243 14
 255 245 10
 255 247 6
 255 249 2
 255 246 11
 255 248 7
 255 250 3
 255 244 20
 255 246 16
 255 251 4
 255 253 0
 255 247 17
 255 249 13
 255 254 1
 255 248 18
 255 250 14
 255 252 10
 255 254 6
 255 251 15
 255 253 11
 255 255 7
 255 249 24
 255 254 12
 255 248 29
 255 250 25
 255 252 21
 255 249 30
 255 251 26
 255 253 22
 255 255 18
 255 249 35
 255 254 23
 255 248 40
 255 250 36
 255 252 32
 255 249 41
 255 251 37
 255 253 33
 255 255 29
 255 249 46
 255 254 34
 255 248 51
 255 250 47
 255 252 43
 255 249 52
 255 251 48
 255 253 44
 255 255 40
 255 249 57
 255 254 45
 255 248 62
 255 250 58
 255 252 54
 255 249 63
 255 251 59
 255 253 55
 255 255 51
 255 252 60
 255 254 56
 255 248 73
 255 250 69
 255 252 65
 255 249 74
 255 251 70
 255 253 66
 255 255 62
 255 252 71
 255 254 67
 255 248 84
 255 250 80
 255 252 76
 255 249 85
 255 251 81
 255 253 77
 255 255 73
 255 252 82
 255 254 78
 255 248 95
 255 250 91
 255 252 87
 255 249 96
 255 251 92
 255 253 88
 255 255 84
 255 252 93
 255 254 89
 255 248 106
 255 250 102
 255 255 90
 255 249 107
 255 251 103
 255 253 99
 255 255 95
 255 252 104
 255 254 100
 255 248 117
 255 250 113
 255 255 101
 255 249 118
 255 251 114
 255 253 110
 255 255 106
 255 252 115
 255 254 111
 255 248 128
 255 250 124
 255 255 112
 255 249 129
 255 251 125
 255 253 121
 255 255 117
 255 252 126
 255 254 122
 255 248 139
 255 250 135
 255 255 123
 255 249 140
 255 251 136
 255 253 132
 255 250 141
 255 252 137
 255 254 133
 255 248 150
 255 250 146
 255 255 134
 255 249 151
 255 251 147
 255 253 143
 255 250 152
 255 252 148
 255 254 144
 255 248 161
 255 250 157
 255 255 145
 255 249 162
 255 251 158
 255 253 154
 255 250 163
 255 252 159
 255 254 155
 255 248 172
 255 250 168
 255 255 156
 255 249 173
 255 251 169
 255 253 165
 255 250 174
 255 252 170
 255 254 166
 255 248 183
 255 253 171
 255 255 167
 255 249 184
 255 251 180
 255 253 176
 255 250 185
 255 252 181
 255 254 177
 255 248 194
 255 253 182
 255 255 178
 255 249 195
 255 251 191
 255 253 187
 255 250 196
 255 252 192
 255 254 188
 255 248 205
 255 253 193
 255 255 189
 255 249 206
 255 251 202
 255 253 198
 255 250 207
 255 252 203
 255 254 199
 255 248 216
 255 253 204
 255 255 200
 255 249 217
 255 251 213
 255 248 222
 255 250 218
 255 252 214
 255 254 210
 255 248 227
 255 253 215
 255 255 211
 255 249 228
 255 251 224
 255 248 233
 255 250 229
 255 252 225
 255 254 221
 255 248 238
 255 253 226
 255 255 222
 255 249 239
 255 251 235
 255 248 244
 255 250 240
 255 252 236
 255 254 232
 255 248 249
 255 253 237
 255 255 233
 255 249 250
 255 251 246
 255 248 255
 255 250 251
 255 252 247
 255 254 243
 255 251 252
 255 253 248
 255 255 244
 255 252 253
 255 254 249
 255 253 253
 255 255 249
 255 255 250
 255 254 254
 255 254 255
 255 255 254
