 0 0 0
 0 0 1
 0 0 1
 0 0 2
 0 0 2
 0 1 0
 0 0 3
 0 1 1
 0 0 4
 0 2 0
 0 0 5
 0 2 1
 0 1 4
 0 2 2
 0 3 0
 0 2 3
 0 3 1
 0 2 4
 0 3 2
 0 2 5
 0 1 8
 0 2 6
 0 1 9
 0 0 12
 0 1 10
 0 0 13
 0 1 11
 0 0 14
 0 1 12
 0 0 15
 0 6 1
 1 1 0
 0 6 2
 0 7 0
 0 6 3
 1 1 2
 1 0 5
 0 5 7
 0 4 10
 0 5 8
 0 4 11
 0 3 14
 0 2 17
 0 3 15
 0 2 18
 0 1 21
 0 2 19
 0 1 22
 0 0 25
 0 10 1
 1 5 0
 1 4 3
 0 9 5
 1 4 4
 1 3 7
 0 8 9
 0 7 12
 1 2 11
 1 1 14
 0 6 16
 0 5 19
 1 0 18
 0 5 20
 0 4 23
 0 3 26
 0 4 24
 0 3 27
 0 13 3
 2 2 3
 1 7 5
 0 12 7
 2 1 7
 2 0 10
 1 5 12
 0 10 14
 1 5 13
 1 4 16
 0 9 18
 0 8 21
 1 3 20
 1 2 23
 0 7 25
 0 17 1
 2 6 1
 1 11 3
 0 16 5
 2 5 5
 2 4 8
 0 15 9
 0 14 12
 2 3 12
 1 8 14
 0 13 16
 2 2 16
 2 1 19
 1 6 21
 0 11 23
 2 0 23
 1 5 25
 0 10 27
 3 4 1
 3 3 4
 1 14 5
 0 19 7
 3 2 8
 2 7 10
 1 12 12
 0 17 14
 3 0 15
 2 5 17
 0 16 18
 0 15 21
 2 4 21
 1 9 23
 0 14 25
 4 2 0
 2 2 28
 1 18 3
 4 1 4
 3 6 6
 2 11 8
 0 22 9
 3 5 10
 3 4 13
 1 15 14
 0 20 16
 3 3 17
 2 8 19
 1 13 21
 0 18 23
 3 1 24
 2 6 26
 0 17 27
 4 5 2
 3 10 4
 1 21 5
 0 26 7
 3 9 8
 2 14 10
 1 19 12
 4 2 13
 3 7 15
 2 12 17
 0 23 18
 4 0 20
 3 5 22
 1 16 23
 0 21 25
 4 9 0
 2 9 28
 1 25 3
 4 8 4
 3 13 6
 2 18 8
 0 29 9
 4 6 11
 3 11 13
 1 22 14
 0 27 16
 4 4 18
 2 15 19
 1 20 21
 4 3 22
 3 8 24
 2 13 26
 0 24 27
 4 1 29
 3 17 4
 1 28 5
 5 5 7
 4 10 9
 2 21 10
 1 26 12
 4 9 13
 3 14 15
 2 19 17
 0 30 18
 4 7 20
 3 12 22
 1 23 23
 5 0 25
 4 16 0
 2 16 28
 6 4 3
 5 9 5
 3 20 6
 2 25 8
 5 8 9
 4 13 11
 3 18 13
 1 29 14
 5 6 16
 4 11 18
 2 22 19
 1 27 21
 5 4 23
 3 15 24
 2 20 26
 0 31 27
 4 8 29
 3 24 4
 6 7 5
 5 12 7
 4 17 9
 2 28 10
 6 5 12
 5 10 14
 3 21 15
 2 26 17
 5 9 18
 4 14 20
 3 19 22
 1 30 23
 5 7 25
 4 23 0
 2 23 28
 6 11 3
 5 16 5
 3 27 6
 7 4 8
 6 9 10
 4 20 11
 3 25 13
 6 8 14
 5 13 16
 4 18 18
 2 29 19
 6 6 21
 5 11 23
 3 22 24
 2 27 26
 6 15 1
 4 15 29
 8 3 4
 6 14 5
 5 19 7
 4 24 9
 7 7 10
 6 12 12
 5 17 14
 3 28 15
 7 5 17
 6 10 19
 4 21 20
 3 26 22
 6 9 23
 5 14 25
 9 2 0
 2 30 28
 6 7 30
 5 23 5
 8 6 6
 7 11 8
 6 16 10
 4 27 11
 8 4 13
 6 15 14
 5 20 16
 4 25 18
 7 8 19
 6 13 21
 5 18 23
 3 29 24
 7 6 26
 6 22 1
 4 22 29
 8 10 4
 7 15 6
 5 26 7
 9 3 9
 7 14 10
 6 19 12
 5 24 14
 8 7 15
 7 12 17
 6 17 19
 4 28 20
 8 5 22
 7 10 24
 5 21 25
 9 9 0
 7 9 28
 6 14 30
 10 2 5
 8 13 6
 7 18 8
 6 23 10
 9 6 11
 8 11 13
 7 16 15
 5 27 16
 9 4 18
 7 15 19
 6 20 21
 5 25 23
 8 8 24
 7 13 26
 11 1 1
 4 29 29
 8 17 4
 7 22 6
 10 5 7
 9 10 9
 8 15 11
 6 26 12
 10 3 14
 8 14 15
 7 19 17
 6 24 19
 9 7 20
 8 12 22
 7 17 24
 5 28 25
 9 16 0
 8 21 2
 6 21 30
 10 9 5
 8 20 6
 7 25 8
 11 2 10
 9 13 11
 8 18 13
 7 23 15
 10 6 16
 9 11 18
 8 16 20
 6 27 21
 10 4 23
 8 15 24
 7 20 26
 11 8 1
 9 8 29
 8 13 31
 12 1 6
 10 12 7
 9 17 9
 8 22 11
 11 5 12
 10 10 14
 9 15 16
 7 26 17
 11 3 19
 9 14 20
 8 19 22
 7 24 24
 10 7 25
 9 23 0
 13 0 2
 6 28 30
 10 16 5
 9 21 7
 12 4 8
 11 9 10
 9 20 11
 8 25 13
 12 2 15
 10 13 16
 9 18 18
 8 23 20
 11 6 21
 10 11 23
 9 16 25
 7 27 26
 11 15 1
 9 15 29
 8 20 31
 12 8 6
 10 19 7
 9 24 9
 13 1 11
 11 12 12
 10 17 14
 9 22 16
 12 5 17
 11 10 19
 10 15 21
 8 26 22
 12 3 24
 10 14 25
 9 19 27
 13 7 2
 11 7 30
 10 23 5
 14 0 7
 12 11 8
 11 16 10
 10 21 12
 13 4 13
 12 9 15
 10 20 16
 9 25 18
 13 2 20
 11 13 21
 10 18 23
 9 23 25
 12 6 26
 11 22 1
 10 27 3
 8 27 31
 12 15 6
 10 26 7
 9 31 9
 13 8 11
 11 19 12
 10 24 14
 14 1 16
 12 12 17
 11 17 19
 10 22 21
 13 5 22
 12 10 24
 10 21 25
 9 26 27
 13 14 2
 11 14 30
 10 30 5
 14 7 7
 12 18 8
 11 23 10
 15 0 12
 13 11 13
 12 16 15
 11 21 17
 14 4 18
 13 9 20
 11 20 21
 10 25 23
 14 2 25
 12 13 26
 16 1 1
 15 6 3
 13 6 31
 12 22 6
 11 27 8
 14 10 9
 13 15 11
 11 26 12
 10 31 14
 14 8 16
 12 19 17
 11 24 19
 15 1 21
 13 12 22
 12 17 24
 11 22 26
 14 5 27
 13 21 2
 11 21 30
 15 9 5
 14 14 7
 12 25 8
 11 30 10
 15 7 12
 13 18 13
 12 23 15
 16 0 17
 14 11 18
 13 16 20
 12 21 22
 15 4 23
 14 9 25
 12 20 26
 11 25 28
 15 13 3
 13 13 31
 17 1 6
 16 6 8
 14 17 9
 13 22 11
 12 27 13
 15 10 14
 14 15 16
 12 26 17
 11 31 19
 15 8 21
 13 19 22
 12 24 24
 16 1 26
 14 12 27
 18 0 2
 17 5 4
 15 16 5
 14 21 7
 17 4 8
 16 9 10
 15 14 12
 13 25 13
 12 30 15
 16 7 17
 14 18 18
 13 23 20
 17 0 22
 15 11 23
 14 16 25
 18 4 0
 16 4 28
 15 20 3
 13 20 31
 17 8 6
 16 13 8
 14 24 9
 18 1 11
 17 6 13
 15 17 14
 14 22 16
 13 27 18
 16 10 19
 15 15 21
 13 26 22
 12 31 24
 16 8 26
 14 19 27
 18 7 2
 17 12 4
 15 23 5
 19 0 7
 18 5 9
 16 16 10
 15 21 12
 18 4 13
 17 9 15
 16 14 17
 14 25 18
 13 30 20
 17 7 22
 15 18 23
 14 23 25
 18 11 0
 16 11 28
 15 27 3
 13 27 31
 17 15 6
 16 20 8
 14 31 9
 18 8 11
 17 13 13
 15 24 14
 19 1 16
 18 6 18
 16 17 19
 15 22 21
 14 27 23
 17 10 24
 16 15 26
 14 26 27
 13 31 29
 17 19 4
 15 30 5
 19 7 7
 18 12 9
 16 23 10
 20 0 12
 19 5 14
 17 16 15
 16 21 17
 19 4 18
 18 9 20
 17 14 22
 15 25 23
 14 30 25
 18 18 0
 16 18 28
 20 6 3
 19 11 5
 17 22 6
 16 27 8
 19 10 9
 18 15 11
 17 20 13
 15 31 14
 19 8 16
 18 13 18
 16 24 19
 20 1 21
 19 6 23
 17 17 24
 16 22 26
 20 10 1
 18 10 29
 17 26 4
 20 9 5
 19 14 7
 18 19 9
 16 30 10
 20 7 12
 19 12 14
 17 23 15
 21 0 17
 20 5 19
 18 16 20
 17 21 22
 20 4 23
 19 9 25
 18 25 0
 16 25 28
 15 30 30
 19 18 5
 17 29 6
 21 6 8
 20 11 10
 18 22 11
 17 27 13
 20 10 14
 19 15 16
 18 20 18
 16 31 19
 20 8 21
 19 13 23
 17 24 24
 21 1 26
 20 17 1
 18 17 29
 22 5 4
 21 10 6
 19 21 7
 18 26 9
 21 9 10
 20 14 12
 19 19 14
 17 30 15
 21 7 17
 20 12 19
 18 23 20
 22 0 22
 21 5 24
 19 16 25
 23 4 0
 21 4 28
 20 9 30
 19 25 5
 22 8 6
 21 13 8
 20 18 10
 18 29 11
 22 6 13
 21 11 15
 19 22 16
 18 27 18
 21 10 19
 20 15 21
 19 20 23
 17 31 24
 21 8 26
 20 24 1
 18 24 29
 22 12 4
 21 17 6
 19 28 7
 23 5 9
 21 16 10
 20 21 12
 19 26 14
 22 9 15
 21 14 17
 20 19 19
 18 30 20
 22 7 22
 21 12 24
 19 23 25
 23 11 0
 22 16 2
 20 16 30
 24 4 5
 22 15 6
 21 20 8
 20 25 10
 23 8 11
 22 13 13
 21 18 15
 19 29 16
 23 6 18
 22 11 20
 20 22 21
 19 27 23
 22 10 24
 21 15 26
 25 3 1
 18 31 29
 22 8 31
 21 24 6
 24 7 7
 23 12 9
 22 17 11
 20 28 12
 24 5 14
 22 16 15
 21 21 17
 20 26 19
 23 9 20
 22 14 22
 21 19 24
 19 30 25
 23 18 0
 22 23 2
 20 23 30
 24 11 5
 23 16 7
 21 27 8
 25 4 10
 23 15 11
 22 20 13
 21 25 15
 24 8 16
 23 13 18
 22 18 20
 20 29 21
 24 6 23
 23 11 25
 21 22 26
 25 10 1
 23 10 29
 22 15 31
 26 3 6
 24 14 7
 23 19 9
 22 24 11
 25 7 12
 24 12 14
 23 17 16
 21 28 17
 25 5 19
 23 16 20
 22 21 22
 21 26 24
 24 9 25
 23 14 27
 27 2 2
 20 30 30
 24 18 5
 23 23 7
 26 6 8
 25 11 10
 24 16 12
 22 27 13
 26 4 15
 24 15 16
 23 20 18
 22 25 20
 25 8 21
 24 13 23
 23 18 25
 21 29 26
 25 17 1
 24 22 3
 22 22 31
 26 10 6
 24 21 7
 23 26 9
 27 3 11
 25 14 12
 24 19 14
 23 24 16
 26 7 17
 25 12 19
 24 17 21
 22 28 22
 26 5 24
 24 16 25
 23 21 27
 27 9 2
 25 9 30
 24 25 5
 28 2 7
 26 13 8
 25 18 10
 24 23 12
 27 6 13
 26 11 15
 24 22 16
 23 27 18
 27 4 20
 25 15 21
 24 20 23
 23 25 25
 26 8 26
 25 24 1
 29 1 3
 22 29 31
 26 17 6
 25 22 8
 28 5 9
 27 10 11
 25 21 12
 24 26 14
 28 3 16
 26 14 17
 25 19 19
 24 24 21
 27 7 22
 26 12 24
 25 17 26
 23 28 27
 27 16 2
 25 16 30
 29 4 5
 28 9 7
 26 20 8
 25 25 10
 29 2 12
 27 13 13
 26 18 15
 25 23 17
 28 6 18
 27 11 20
 25 22 21
 24 27 23
 28 4 25
 26 15 26
 25 20 28
 29 8 3
 27 8 31
 26 24 6
 30 1 8
 28 12 9
 27 17 11
 26 22 13
 29 5 14
 28 10 16
 26 21 17
 25 26 19
 29 3 21
 27 14 22
 26 19 24
 25 24 26
 28 7 27
 27 23 2
 31 0 4
 29 11 5
 28 16 7
 26 27 8
 30 4 10
 29 9 12
 27 20 13
 26 25 15
 30 2 17
 28 13 18
 27 18 20
 26 23 22
 29 6 23
 28 11 25
 26 22 26
 25 27 28
 29 15 3
 27 15 31
 26 31 6
 30 8 8
 28 19 9
 27 24 11
 31 1 13
 29 12 14
 28 17 16
 27 22 18
 30 5 19
 29 10 21
 27 21 22
 26 26 24
 30 3 26
 28 14 27
 27 30 2
 31 7 4
 29 18 5
 28 23 7
 27 28 9
 30 11 10
 29 16 12
 27 27 13
 31 4 15
 30 9 17
 28 20 18
 27 25 20
 31 2 22
 29 13 23
 28 18 25
 27 23 27
 30 6 28
 29 22 3
 27 22 31
 31 10 6
 30 15 8
 28 26 9
 27 31 11
 31 8 13
 29 19 14
 28 24 16
 27 29 18
 30 12 19
 29 17 21
 28 22 23
 31 5 24
 30 10 26
 28 21 27
 27 26 29
 31 14 4
 29 25 5
 28 30 7
 31 13 8
 30 18 10
 29 23 12
 28 28 14
 31 11 15
 30 16 17
 28 27 18
 28 26 21
 31 9 22
 29 20 23
 28 25 25
 27 30 27
 30 13 28
 29 29 3
 27 29 31
 31 17 6
 30 22 8
 29 27 10
 31 16 10
 31 15 13
 29 26 14
 28 31 16
 31 14 17
 30 19 19
 29 24 21
 28 29 23
 31 12 24
 30 17 26
 28 28 27
 28 27 30
 31 21 4
 30 26 6
 29 31 8
 31 20 8
 30 25 10
 29 30 12
 29 29 15
 31 18 15
 30 23 17
 29 28 19
 31 17 19
 31 16 22
 29 27 23
 29 26 26
 31 15 26
 30 20 28
 29 25 30
 31 14 30
 31 24 6
 30 29 8
 30 28 11
 31 23 10
 31 22 13
 30 27 15
 30 26 18
 31 21 17
 30 26 19
 29 31 21
 29 30 24
 31 19 24
 30 24 26
 29 29 28
 31 18 28
 31 28 4
 31 27 7
 31 28 5
 31 27 8
 31 26 11
 30 31 13
 31 26 12
 31 25 15
 30 30 17
 30 29 20
 31 24 19
 31 23 22
 30 28 24
 30 27 27
 31 22 26
 30 27 28
 30 26 31
 31 21 30
 31 31 6
 31 30 9
 31 29 12
 31 30 10
 31 29 13
 31 28 16
 31 29 14
 31 28 17
 31 27 20
 31 26 23
 31 27 21
 31 26 24
 30 31 26
 30 30 29
 31 25 28
 31 24 31
 31 25 29
 30 30 31
 31 25 30
 31 31 16
 31 30 19
 31 31 17
 31 30 20
 31 31 18
 31 30 21
 31 31 19
 31 30 22
 31 29 25
 31 30 23
 31 29 26
 31 28 29
 31 29 27
 31 28 30
 31 29 28
 31 28 31
 31 29 29
 31 30 27
 31 29 30
 31 31 26
 31 29 31
 31 31 27
 31 30 30
 31 31 28
 31 30 31
 31 31 29
 31 31 29
 31 31 30
 31 31 30
