 0.000000 0.000000
 1.000000 0.176778
 2.000000 0.353557
 3.000000 0.530335
 4.000000 0.707114
 5.000000 0.883892
 6.000000 1.060670
 7.000000 1.237449
 8.000000 1.414227
 9.000000 1.591006
 10.000000 1.767784
 11.000000 1.944562
 12.000000 2.121341
 13.000000 2.298119
 14.000000 2.474897
 15.000000 2.651676
 16.000000 2.828454
 17.000000 3.005233
 18.000000 3.182011
 19.000000 3.358789
 20.000000 3.535568
 21.000000 3.712346
 22.000000 3.889125
 23.000000 4.065903
 24.000000 4.242681
 25.000000 4.419460
 26.000000 4.596238
 27.000000 4.773017
 28.000000 4.949795
 29.000000 5.126573
 30.000000 5.303352
 31.000000 5.480130
 32.000000 5.656909
 33.000000 5.833687
 34.000000 6.010465
 35.000000 6.187244
 36.000000 6.364022
 37.000000 6.540800
 38.000000 6.717579
 39.000000 6.894357
 40.000000 7.071136
 41.000000 7.247914
 42.000000 7.424692
 43.000000 7.601471
 44.000000 7.778249
 45.000000 7.955028
 46.000000 8.131806
 47.000000 8.308584
 48.000000 8.485363
 49.000000 8.662141
 50.000000 8.838920
 51.000000 9.015698
 52.000000 9.192476
 53.000000 9.369255
 54.000000 9.546033
 55.000000 9.722812
 56.000000 9.899590
 57.000000 10.076368
 58.000000 10.253147
 59.000000 10.429925
 60.000000 10.606703
 61.000000 10.783482
 62.000000 10.960260
 63.000000 11.137039
 64.000000 11.313817
 65.000000 11.490595
 66.000000 11.667374
 67.000000 11.844152
 68.000000 12.020931
 69.000000 12.197709
 70.000000 12.374487
 71.000000 12.551266
 72.000000 12.728044
 73.000000 12.904823
 74.000000 13.081601
 75.000000 13.258379
 76.000000 13.435158
 77.000000 13.611936
 78.000000 13.788714
 79.000000 13.965493
 80.000000 14.142271
 81.000000 14.319050
 82.000000 14.495828
 83.000000 14.672606
 84.000000 14.849385
 85.000000 15.026163
 86.000000 15.202942
 87.000000 15.379720
 88.000000 15.556498
 89.000000 15.733277
 90.000000 15.910055
 91.000000 16.086834
 92.000000 16.263612
 93.000000 16.440390
 94.000000 16.617169
 95.000000 16.793947
 96.000000 16.970726
 97.000000 17.147504
 98.000000 17.324282
 99.000000 17.501061
 100.000000 17.677839
 101.000000 17.854617
 102.000000 18.031396
 103.000000 18.208174
 104.000000 18.384953
 105.000000 18.561731
 106.000000 18.738509
 107.000000 18.915288
 108.000000 19.092066
 109.000000 19.268845
 110.000000 19.445623
 111.000000 19.622401
 112.000000 19.799180
 113.000000 19.975958
 114.000000 20.152737
 115.000000 20.329515
 116.000000 20.506293
 117.000000 20.683072
 118.000000 20.859850
 119.000000 21.036629
 120.000000 21.213407
 121.000000 21.390185
 122.000000 21.566964
 123.000000 21.743742
 124.000000 21.920520
 125.000000 22.097299
 126.000000 22.274077
 127.000000 22.450856
 128.000000 22.627634
 129.000000 22.804412
 130.000000 22.981191
 131.000000 23.157969
 132.000000 23.334748
 133.000000 23.511526
 134.000000 23.688304
 135.000000 23.865083
 136.000000 24.041861
 137.000000 24.218640
 138.000000 24.395418
 139.000000 24.572196
 140.000000 24.748975
 141.000000 24.925753
 142.000000 25.102532
 143.000000 25.279310
 144.000000 25.456088
 145.000000 25.632867
 146.000000 25.809645
 147.000000 25.986423
 148.000000 26.163202
 149.000000 26.339980
 150.000000 26.516759
 151.000000 26.693537
 152.000000 26.870315
 153.000000 27.047094
 154.000000 27.223872
 155.000000 27.400651
 156.000000 27.577429
 157.000000 27.754207
 158.000000 27.930986
 159.000000 28.107764
 160.000000 28.284543
 161.000000 28.461321
 162.000000 28.638099
 163.000000 28.814878
 164.000000 28.991656
 165.000000 29.168435
 166.000000 29.345213
 167.000000 29.521991
 168.000000 29.698770
 169.000000 29.875548
 170.000000 30.052326
 171.000000 30.229105
 172.000000 30.405883
 173.000000 30.582662
 174.000000 30.759440
 175.000000 30.936218
 176.000000 31.112997
 177.000000 31.289775
 178.000000 31.466554
 179.000000 31.643332
 180.000000 31.820110
 181.000000 31.996889
 182.000000 32.173667
 183.000000 32.350446
 184.000000 32.527224
 185.000000 32.704002
 186.000000 32.880781
 187.000000 33.057559
 188.000000 33.234338
 189.000000 33.411116
 190.000000 33.587894
 191.000000 33.764673
 192.000000 33.941451
 193.000000 34.118229
 194.000000 34.295008
 195.000000 34.471786
 196.000000 34.648565
 197.000000 34.825343
 198.000000 35.002121
 199.000000 35.178900
 200.000000 35.355678
 201.000000 35.532457
 202.000000 35.709235
 203.000000 35.886013
 204.000000 36.062792
 205.000000 36.239570
 206.000000 36.416349
 207.000000 36.593127
 208.000000 36.769905
 209.000000 36.946684
 210.000000 37.123462
 211.000000 37.300241
 212.000000 37.477019
 213.000000 37.653797
 214.000000 37.830576
 215.000000 38.007354
 216.000000 38.184132
 217.000000 38.360911
 218.000000 38.537689
 219.000000 38.714468
 220.000000 38.891246
 221.000000 39.068024
 222.000000 39.244803
 223.000000 39.421581
 224.000000 39.598360
 225.000000 39.775138
 226.000000 39.951916
 227.000000 40.128695
 228.000000 40.305473
 229.000000 40.482252
 230.000000 40.659030
 231.000000 40.835808
 232.000000 41.012587
 233.000000 41.189365
 234.000000 41.366143
 235.000000 41.542922
 236.000000 41.719700
 237.000000 41.896479
 238.000000 42.073257
 239.000000 42.250035
 240.000000 42.426814
 241.000000 42.603592
 242.000000 42.780371
 243.000000 42.957149
 244.000000 43.133927
 245.000000 43.310706
 246.000000 43.487484
 247.000000 43.664263
 248.000000 43.841041
 249.000000 44.017819
 250.000000 44.194598
 251.000000 44.371376
 252.000000 44.548155
 253.000000 44.724933
 254.000000 44.901711
 255.000000 45.078490
